965
193
11664
9180
2016
15876
8424
998506315
7938
969
4158
68
47628
15680
1001604
22680
17
172800
32768
26
8015864
19200
14560
21
6399199
87480
118800
84579
1960
23760
92317161
49920
2160
122
84
4675
6300
49000
138240
468
99
55296
2070
5120
16224
10800
93
7296
115
51030
76800
967669583
88704
466560
20000
4536
393216
3157819
217728
24750
697106497
15390
21168
89
912
6765
587234
8372259
5280
248832
179200
24
27720
6541551
630
200000
12800
95040
12150
186624
162000
25920
4032
101250
60
8550
66150
165888
100800
7290
38880
20592
135000
567
169344
589833267
813
536870912
340200
4788
11000
103680
459270
14400
457481
18
524880
40824
12768
3
1600
8
46080
432255
3024
2736
39936
32
473
2618049
189
204120
4
23814
119
999999937
8100
1680
19800
50400
11264
79
66
117
4680
91857
1920
746803744
448
7056
126
393660
949106497
653477439
71805
120000
441
31680
8000
20480
327680
102
5184
75600
82944
225792
41600
196830
331776
2025
361
45000
29952
13122
7389
360000
8640
1500
28000
10710
17550
110250
518400
5346
28800
1584
64512
180
54432
39600
300000
25490988
7776
16320
63
31590
2906162
86400
48
35640
12000
7128
43680
5657
23115571
395
688978813
115200
72576
230400
1100
673921
409342369
40950
14336
8250
998244353
3168
307200
432000
34944
235200
59
4725
108
153600
524288
625433749
127
9600
67584
96228
23040
1260
27000
621008
110
934
75264
3960
47520
10080
122880
4608
81920
29700
8448
44
301056
123480
5073
987
6840
989447237
139968
14
30
108864
420
105600
226800
24480
28672
14688
1530
21384
13824
48238
35280
118272
47473
131
3696
3240
699840
91
46464
184320
13
32805
938017885
362
17280
33696
77
7680
78750
1632
268800
67
8208
51
2940
63000
259200
45360
129
614400
24300
71
4488
22464
7500
1848
8772
311040
65610
17820
18720
99000
10
1
48384
16000
7920
68040
80640
86
4320
65536
2560
105
414720
29250
132000
84240
926315427
52920
14040
43740
84480
19440
124
33750
2250
8087519
7200
214573
125
32256
112000
80
62208
3510
787320
864
52
100696425
994617
49152
281250
98304
85881
700
224
971866761
257
94770
540
655360
46
134400
43
5940
126720
26460
6000
10560
34300
1671
21383
104
31200
163840
1944
78000
31104
6400
27184698
24000
240000
64800
49280
56160
5376
4173641
3000
5767201
270000
62
10500
805306368
31752
15400
30973
1056
15840
7455307
112
28512
18240
13680
193536
15288
168000
288
42120
47
3371
221184
4943
306180
11085765
226151256
24576
131220
128
3072
8976
42336
1741
52488
72900
7897861
83160
633
9827
17136
105000
67200
93312
49896
7040
491520
81648
2730
3780
5520
89100
133650
1615
1008
81
192
102060
2430
37440
964532929
2340
559
69
64922375
646
85536
104976
900360029
12348
13500
150528
180000
125440
7025
302400
18432
391
9409159
8347
40320
19008
3120
45
23100
4655
4160
904152917
201600
182250
57024
1824
4480
53760
6600
3584
35100
22
42768
129024
92
65
6075
129600
38497
18816
50544
2720
170
54600
12960
2000
4733
7
36
174960
168960
1215
14112
33
546750
40960
60000
8400
64680
6480
37
2097152
244944
364500
150000
725573
74088
9
94080
85
816
922505446
42755209
4560
44800
3900
21000
76032
291600
112896
60480
29484
84000
87
2707
9216
58800
5200
58
194241
172032
29400
472392
5044
16200
7560
96
786432
4539685
20736
128000
12240
181440
71280
276480
546
6552
504
20160
281
53
4000
233280
32076
74
13230
131980
90
12544
49500
256000
61440
4410
981028563
157464
67500
4752
56
8316
6037
3375
375000
72000
12288
107
86016
782
147456
35503
67893369
345600
9489
106
5808
14256
209952
1701
37800
41580
92400
408240
25600
82268566
1249
57624
12870
116
1904
21600
5616
170100
109
198450
16800
56448
161280
57
70
76
3864
3264
282791
3528
16
155520
22848
50000
79200
11232
98415
241920
2100
243000
27216
660
324000
1520
8826131
54880
5824
194400
336000
8064
2403381
33600
101
48000
17640
1728
2520
31500
5721
986129769
430080
6720
36864
14700
349920
33401221
768
211680
288000
480000
50
163296
2304
10260
38400
57600
460800
900
28
59400
999999998
1817
48600
23
9000
18000
8960
482421315
4704
9100
42105
108000
47040
5000
388800
216000
1890
11016
207360
26880
69888
49
583200
5304
1440
30030
21840
17920
4896
118
622080
141120
10240
16380
15552
66528
99840
94500
5016
123
1000000000
8660
73
57344
2268
192000
2600
142884
12672
70400
9800
164640
97200
80949857
519
4312
2376
83
314928
78
322081025
34020
110592
20328
88
368640
474
114688
1836
5760
22500
145800
41472
151200
121500
202500
95256
113
95
79548
21870
2880
34
13440
501
10368
196608
696
29
5400
81000
90720
44928
52800
63180
405000
30240
3312
22176
486000
576
31
70000
23328
6
63504
5250
17424
56700
3509575
127008
1620
70560
32000
373248
1134
34111
98
54
6750
33792
510205
3645
8748
8320
9408
69984
7785
74880
552960
322560
61740
15120
396
47958485
9240
38016
362880
252000
72
145152
32400
5
53940
10000
97
16524
70200
2640
2400
32640
142560
82
346742385
442368
792
1512
18480
50688
11340
105840
116640
5297
32670
85712697
2310
20
1764
9900
122877509
640
69120
4374
29160
4800
9425
24192
2
6804
23400
28080
323
160
2156
42000
54000
36283838
25200
29120
2431
13056
30720
21952
1323
73728
15750
4620
94
89600
3600
2688
107520
103
15
7392
8624
7390
33108
476014
10752
4914
23232
132300
3360
64152
136080
96000
665
75
115248
2352
1048576
27456
92160
42
245760
5625
16464
236250
4050
55
9504
49392
262440
957262828
34848
59136
12096
111
5600
5040
1001
2592
641
5601
38
77760
954158175
48510
120
517759
999999999
96768
24696
983900459
3456
135
1000000
16128
13860
43200
21504
4200
279936
121
124416
1386
216
64
63360
25
300
58054077
70235461
9450
25002
916855204
19656
810
58320
85050
672
35
6930
40
11
144000
34560
3564
118263990
51840
44550
61966
176400
294912
215040
22950
961175759
1800
2200
