Case #1: -1
Case #2: 25 2 2 2 2 3 3 3 3 3 3 1 1 1 1 1 1 1 1 1 1 1 1 1 1 1
Case #3: 13 2 2 3 3 3 5 17 1 1 1 1 1 1
Case #4: 26 2 2 2 2 2 3 3 7 1 1 1 1 1 1 1 1 1 1 1 1 1 1 1 1 1 1
Case #5: 19 2 2 3 3 3 3 7 7 1 1 1 1 1 1 1 1 1 1 1
Case #6: 18 2 2 2 3 3 3 3 13 1 1 1 1 1 1 1 1 1 1
Case #7: -1
Case #8: 20 2 3 3 3 3 7 7 1 1 1 1 1 1 1 1 1 1 1 1 1
Case #9: 5 3 17 19 1 1
Case #10: 18 2 3 3 3 7 11 1 1 1 1 1 1 1 1 1 1 1 1
Case #11: 23 2 2 17 1 1 1 1 1 1 1 1 1 1 1 1 1 1 1 1 1 1 1 1
Case #12: 17 2 2 3 3 3 3 3 7 7 1 1 1 1 1 1 1 1
Case #13: 19 2 2 2 2 2 2 5 7 7 1 1 1 1 1 1 1 1 1 1
Case #14: -1
Case #15: 20 2 2 2 3 3 3 3 5 7 1 1 1 1 1 1 1 1 1 1 1
Case #16: 25 17 1 1 1 1 1 1 1 1 1 1 1 1 1 1 1 1 1 1 1 1 1 1 1 1
Case #17: 19 2 2 2 2 2 2 2 2 3 3 3 5 5 1 1 1 1 1 1
Case #18: 26 2 2 2 2 2 2 2 2 2 2 2 2 2 2 2 1 1 1 1 1 1 1 1 1 1 1
Case #19: 28 2 13 1 1 1 1 1 1 1 1 1 1 1 1 1 1 1 1 1 1 1 1 1 1 1 1 1 1
Case #20: 38 2 2 2 1 1 1 1 1 1 1 1 1 1 1 1 1 1 1 1 1 1 1 1 1 1 1 1 1 1 1 1 1 1 1 1 1 1 1
Case #21: 23 2 2 2 2 2 2 2 2 3 5 5 1 1 1 1 1 1 1 1 1 1 1 1
Case #22: 14 2 2 2 2 2 5 7 13 1 1 1 1 1 1
Case #23: 33 3 7 1 1 1 1 1 1 1 1 1 1 1 1 1 1 1 1 1 1 1 1 1 1 1 1 1 1 1 1 1 1 1
Case #24: -1
Case #25: 20 2 2 2 3 3 3 3 3 3 3 5 1 1 1 1 1 1 1 1 1
Case #26: 13 2 2 2 2 3 3 3 5 5 11 1 1 1
Case #27: -1
Case #28: 22 2 2 2 5 7 7 1 1 1 1 1 1 1 1 1 1 1 1 1 1 1 1
Case #29: 17 2 2 2 2 3 3 3 5 11 1 1 1 1 1 1 1 1
Case #30: -1
Case #31: 15 2 2 2 2 2 2 2 2 3 5 13 1 1 1 1
Case #32: 27 2 2 2 2 3 3 3 5 1 1 1 1 1 1 1 1 1 1 1 1 1 1 1 1 1 1 1
Case #33: -1
Case #34: 31 2 2 3 7 1 1 1 1 1 1 1 1 1 1 1 1 1 1 1 1 1 1 1 1 1 1 1 1 1 1 1
Case #35: 7 5 5 11 17 1 1 1
Case #36: 21 2 2 3 3 5 5 7 1 1 1 1 1 1 1 1 1 1 1 1 1 1
Case #37: 14 2 2 2 5 5 5 7 7 1 1 1 1 1 1
Case #38: 21 2 2 2 2 2 2 2 2 2 2 3 3 3 5 1 1 1 1 1 1 1
Case #39: 23 2 2 3 3 13 1 1 1 1 1 1 1 1 1 1 1 1 1 1 1 1 1 1
Case #40: 27 3 3 11 1 1 1 1 1 1 1 1 1 1 1 1 1 1 1 1 1 1 1 1 1 1 1 1
Case #41: 24 2 2 2 2 2 2 2 2 2 2 2 3 3 3 1 1 1 1 1 1 1 1 1 1
Case #42: 10 2 3 3 5 23 1 1 1 1 1
Case #43: 27 2 2 2 2 2 2 2 2 2 2 5 1 1 1 1 1 1 1 1 1 1 1 1 1 1 1 1
Case #44: 10 2 2 2 2 2 3 13 13 1 1
Case #45: 23 2 2 2 2 3 3 3 5 5 1 1 1 1 1 1 1 1 1 1 1 1 1 1
Case #46: 9 3 31 1 1 1 1 1 1 1
Case #47: 14 2 2 2 2 2 2 2 3 19 1 1 1 1 1
Case #48: 15 5 23 1 1 1 1 1 1 1 1 1 1 1 1 1
Case #49: 18 2 3 3 3 3 3 3 5 7 1 1 1 1 1 1 1 1 1
Case #50: 21 2 2 2 2 2 2 2 2 2 2 3 5 5 1 1 1 1 1 1 1 1
Case #51: 41 1 1 1 1 1 1 1 1 1 1 1 1 1 1 1 1 1 1 1 1 1 1 1 1 1 1 1 1 1 1 1 1 1 1 1 1 1 1 1 1 1
Case #52: 14 2 2 2 2 2 2 2 3 3 7 11 1 1 1
Case #53: 18 2 2 2 2 2 2 2 3 3 3 3 3 3 5 1 1 1 1
Case #54: 20 2 2 2 2 2 5 5 5 5 1 1 1 1 1 1 1 1 1 1 1
Case #55: 24 2 2 2 3 3 3 3 7 1 1 1 1 1 1 1 1 1 1 1 1 1 1 1 1
Case #56: 22 2 2 2 2 2 2 2 2 2 2 2 2 2 2 2 2 2 3 1 1 1 1
Case #57: -1
Case #58: 18 2 2 2 2 2 2 2 3 3 3 3 3 7 1 1 1 1 1
Case #59: 14 2 3 3 5 5 5 11 1 1 1 1 1 1 1
Case #60: -1
Case #61: 10 2 3 3 3 3 5 19 1 1 1
Case #62: 19 2 2 2 2 3 3 3 7 7 1 1 1 1 1 1 1 1 1 1
Case #63: -1
Case #64: 17 2 2 2 2 3 19 1 1 1 1 1 1 1 1 1 1 1
Case #65: -1
Case #66: -1
Case #67: -1
Case #68: 20 2 2 2 2 2 3 5 11 1 1 1 1 1 1 1 1 1 1 1 1
Case #69: 21 2 2 2 2 2 2 2 2 2 2 3 3 3 3 3 1 1 1 1 1 1
Case #70: 17 2 2 2 2 2 2 2 2 2 2 5 5 7 1 1 1 1
Case #71: 36 2 2 2 3 1 1 1 1 1 1 1 1 1 1 1 1 1 1 1 1 1 1 1 1 1 1 1 1 1 1 1 1 1 1 1 1
Case #72: 14 2 2 2 3 3 5 7 11 1 1 1 1 1 1
Case #73: -1
Case #74: 26 2 3 3 5 7 1 1 1 1 1 1 1 1 1 1 1 1 1 1 1 1 1 1 1 1 1
Case #75: 15 2 2 2 2 2 2 5 5 5 5 5 1 1 1 1
Case #76: 24 2 2 2 2 2 2 2 2 2 5 5 1 1 1 1 1 1 1 1 1 1 1 1 1
Case #77: 15 2 2 2 2 2 2 3 3 3 5 11 1 1 1 1
Case #78: 22 2 3 3 3 3 3 5 5 1 1 1 1 1 1 1 1 1 1 1 1 1 1
Case #79: 21 2 2 2 2 2 2 2 2 3 3 3 3 3 3 1 1 1 1 1 1 1
Case #80: 17 2 2 2 2 3 3 3 3 5 5 5 1 1 1 1 1 1
Case #81: 23 2 2 2 2 2 2 3 3 3 3 5 1 1 1 1 1 1 1 1 1 1 1 1
Case #82: 25 2 2 2 2 2 2 3 3 7 1 1 1 1 1 1 1 1 1 1 1 1 1 1 1 1
Case #83: 16 2 3 3 3 3 5 5 5 5 1 1 1 1 1 1 1
Case #84: 33 2 2 3 5 1 1 1 1 1 1 1 1 1 1 1 1 1 1 1 1 1 1 1 1 1 1 1 1 1 1 1 1 1
Case #85: 10 2 3 3 5 5 19 1 1 1 1
Case #86: 14 2 3 3 3 5 5 7 7 1 1 1 1 1 1
Case #87: 22 2 2 2 2 2 2 2 2 2 2 2 3 3 3 3 1 1 1 1 1 1 1
Case #88: 17 2 2 2 2 2 2 3 3 5 5 7 1 1 1 1 1 1
Case #89: 24 2 3 3 3 3 3 3 5 1 1 1 1 1 1 1 1 1 1 1 1 1 1 1 1
Case #90: 22 2 2 2 2 2 3 3 3 3 3 5 1 1 1 1 1 1 1 1 1 1 1
Case #91: 11 2 2 2 2 3 3 11 13 1 1 1
Case #92: 16 2 2 2 3 3 3 5 5 5 5 1 1 1 1 1 1
Case #93: 27 3 3 3 3 7 1 1 1 1 1 1 1 1 1 1 1 1 1 1 1 1 1 1 1 1 1 1
Case #94: 16 2 2 2 2 2 2 2 3 3 3 7 7 1 1 1 1
Case #95: -1
Case #96: -1
Case #97: -1
Case #98: 14 2 2 2 3 3 3 3 3 5 5 7 1 1 1
Case #99: 11 2 2 3 3 7 19 1 1 1 1 1
Case #100: 16 2 2 2 5 5 5 11 1 1 1 1 1 1 1 1 1
Case #101: 21 2 2 2 2 2 2 2 2 3 3 3 3 5 1 1 1 1 1 1 1 1
Case #102: 14 2 3 3 3 3 3 3 3 3 5 7 1 1 1
Case #103: 23 2 2 2 2 2 2 3 3 5 5 1 1 1 1 1 1 1 1 1 1 1 1 1
Case #104: -1
Case #105: 36 2 3 3 1 1 1 1 1 1 1 1 1 1 1 1 1 1 1 1 1 1 1 1 1 1 1 1 1 1 1 1 1 1 1 1 1
Case #106: 17 2 2 2 2 3 3 3 3 3 3 3 3 5 1 1 1 1
Case #107: 20 2 2 2 3 3 3 3 3 3 7 1 1 1 1 1 1 1 1 1 1
Case #108: 10 2 2 2 2 2 3 7 19 1 1
Case #109: 39 3 1 1 1 1 1 1 1 1 1 1 1 1 1 1 1 1 1 1 1 1 1 1 1 1 1 1 1 1 1 1 1 1 1 1 1 1 1 1
Case #110: 27 2 2 2 2 2 2 5 5 1 1 1 1 1 1 1 1 1 1 1 1 1 1 1 1 1 1 1
Case #111: 38 2 2 2 1 1 1 1 1 1 1 1 1 1 1 1 1 1 1 1 1 1 1 1 1 1 1 1 1 1 1 1 1 1 1 1 1 1 1
Case #112: 23 2 2 2 2 2 2 2 2 2 2 3 3 5 1 1 1 1 1 1 1 1 1 1
Case #113: -1
Case #114: 25 2 2 2 2 3 3 3 7 1 1 1 1 1 1 1 1 1 1 1 1 1 1 1 1 1
Case #115: 15 2 2 2 2 3 3 19 1 1 1 1 1 1 1 1
Case #116: 17 2 2 2 2 2 2 2 2 2 2 3 13 1 1 1 1 1
Case #117: 36 2 2 2 2 2 1 1 1 1 1 1 1 1 1 1 1 1 1 1 1 1 1 1 1 1 1 1 1 1 1 1 1 1 1 1 1
Case #118: -1
Case #119: -1
Case #120: 29 3 3 3 7 1 1 1 1 1 1 1 1 1 1 1 1 1 1 1 1 1 1 1 1 1 1 1 1 1
Case #121: 16 2 2 2 3 3 3 3 3 3 5 7 1 1 1 1 1
Case #122: 39 2 2 1 1 1 1 1 1 1 1 1 1 1 1 1 1 1 1 1 1 1 1 1 1 1 1 1 1 1 1 1 1 1 1 1 1 1 1 1
Case #123: 18 2 3 3 3 3 3 7 7 1 1 1 1 1 1 1 1 1 1
Case #124: 19 7 17 1 1 1 1 1 1 1 1 1 1 1 1 1 1 1 1 1
Case #125: 41 1 1 1 1 1 1 1 1 1 1 1 1 1 1 1 1 1 1 1 1 1 1 1 1 1 1 1 1 1 1 1 1 1 1 1 1 1 1 1 1 1
Case #126: 23 2 2 3 3 3 3 5 5 1 1 1 1 1 1 1 1 1 1 1 1 1 1 1
Case #127: 25 2 2 2 2 3 5 7 1 1 1 1 1 1 1 1 1 1 1 1 1 1 1 1 1 1
Case #128: 16 2 2 2 3 3 5 5 11 1 1 1 1 1 1 1 1
Case #129: 18 2 2 2 2 2 3 3 5 5 7 1 1 1 1 1 1 1 1
Case #130: 21 2 2 2 2 2 2 2 2 2 2 11 1 1 1 1 1 1 1 1 1 1
Case #131: -1
Case #132: 28 2 3 11 1 1 1 1 1 1 1 1 1 1 1 1 1 1 1 1 1 1 1 1 1 1 1 1 1
Case #133: 25 3 3 13 1 1 1 1 1 1 1 1 1 1 1 1 1 1 1 1 1 1 1 1 1 1
Case #134: 18 2 2 2 3 3 5 13 1 1 1 1 1 1 1 1 1 1 1
Case #135: -1
Case #136: 28 2 2 2 2 2 2 2 3 5 1 1 1 1 1 1 1 1 1 1 1 1 1 1 1 1 1 1 1
Case #137: -1
Case #138: 29 2 2 2 2 2 2 7 1 1 1 1 1 1 1 1 1 1 1 1 1 1 1 1 1 1 1 1 1 1
Case #139: 21 2 2 2 2 3 3 7 7 1 1 1 1 1 1 1 1 1 1 1 1 1
Case #140: 30 2 3 3 7 1 1 1 1 1 1 1 1 1 1 1 1 1 1 1 1 1 1 1 1 1 1 1 1 1 1
Case #141: 17 2 2 3 3 3 3 3 3 3 3 3 5 1 1 1 1 1
Case #142: -1
Case #143: -1
Case #144: -1
Case #145: 17 2 2 2 2 2 2 3 5 5 5 5 1 1 1 1 1 1
Case #146: 25 3 3 7 7 1 1 1 1 1 1 1 1 1 1 1 1 1 1 1 1 1 1 1 1 1
Case #147: 17 2 2 2 2 2 2 3 3 5 11 1 1 1 1 1 1 1
Case #148: 23 2 2 2 2 2 2 5 5 5 1 1 1 1 1 1 1 1 1 1 1 1 1 1
Case #149: 25 2 2 2 2 2 2 2 2 2 2 2 2 5 1 1 1 1 1 1 1 1 1 1 1 1
Case #150: 21 2 2 2 2 2 2 2 2 2 2 2 2 2 2 2 2 5 1 1 1 1
Case #151: 22 2 3 17 1 1 1 1 1 1 1 1 1 1 1 1 1 1 1 1 1 1 1
Case #152: 27 2 2 2 2 2 2 3 3 3 3 1 1 1 1 1 1 1 1 1 1 1 1 1 1 1 1 1
Case #153: 17 2 2 2 2 3 3 3 5 5 7 1 1 1 1 1 1 1
Case #154: 23 2 2 2 2 2 2 2 2 2 2 3 3 3 3 1 1 1 1 1 1 1 1 1
Case #155: 16 2 2 2 2 2 2 2 2 2 3 3 7 7 1 1 1
Case #156: 14 2 2 2 2 2 2 2 5 5 13 1 1 1 1
Case #157: 18 2 3 3 3 3 3 3 3 3 3 5 1 1 1 1 1 1 1
Case #158: 21 2 2 2 2 2 2 2 2 2 2 2 2 3 3 3 3 1 1 1 1 1
Case #159: 25 3 3 3 3 5 5 1 1 1 1 1 1 1 1 1 1 1 1 1 1 1 1 1 1 1
Case #160: 5 19 19 1 1 1
Case #161: 18 2 2 2 3 3 5 5 5 5 1 1 1 1 1 1 1 1 1
Case #162: 17 2 2 2 2 2 2 2 2 3 3 13 1 1 1 1 1 1
Case #163: 24 2 3 3 3 3 3 3 3 3 1 1 1 1 1 1 1 1 1 1 1 1 1 1 1
Case #164: -1
Case #165: 15 2 2 2 2 2 2 3 3 5 5 5 5 1 1 1
Case #166: 25 2 2 2 2 2 2 3 3 3 5 1 1 1 1 1 1 1 1 1 1 1 1 1 1 1
Case #167: 25 2 2 3 5 5 5 1 1 1 1 1 1 1 1 1 1 1 1 1 1 1 1 1 1 1
Case #168: 18 2 2 2 2 2 5 5 5 7 1 1 1 1 1 1 1 1 1
Case #169: 10 2 3 3 5 7 17 1 1 1 1
Case #170: 14 2 3 3 3 5 5 13 1 1 1 1 1 1 1
Case #171: 12 2 3 3 5 5 5 7 7 1 1 1 1
Case #172: 17 2 2 2 2 2 2 2 2 3 3 3 3 5 5 1 1 1
Case #173: 20 2 3 3 3 3 3 11 1 1 1 1 1 1 1 1 1 1 1 1 1
Case #174: 22 2 2 2 2 2 2 2 3 3 5 5 1 1 1 1 1 1 1 1 1 1 1
Case #175: 23 2 2 2 2 3 3 11 1 1 1 1 1 1 1 1 1 1 1 1 1 1 1 1
Case #176: 21 2 2 2 2 2 2 2 2 2 2 3 3 7 1 1 1 1 1 1 1 1
Case #177: 31 2 2 3 3 5 1 1 1 1 1 1 1 1 1 1 1 1 1 1 1 1 1 1 1 1 1 1 1 1 1 1
Case #178: 20 2 2 2 2 2 3 3 3 3 3 7 1 1 1 1 1 1 1 1 1
Case #179: 15 2 2 2 2 3 3 5 5 11 1 1 1 1 1 1
Case #180: 14 2 2 2 2 2 3 5 5 5 5 5 1 1 1
Case #181: -1
Case #182: 26 2 2 2 2 2 3 3 3 3 3 1 1 1 1 1 1 1 1 1 1 1 1 1 1 1 1
Case #183: 13 2 2 2 2 2 2 3 5 17 1 1 1 1
Case #184: 31 3 3 7 1 1 1 1 1 1 1 1 1 1 1 1 1 1 1 1 1 1 1 1 1 1 1 1 1 1 1 1
Case #185: 14 2 3 3 3 3 3 5 13 1 1 1 1 1 1
Case #186: -1
Case #187: 20 2 2 2 2 2 2 2 3 3 3 5 5 1 1 1 1 1 1 1 1
Case #188: 35 2 2 2 2 3 1 1 1 1 1 1 1 1 1 1 1 1 1 1 1 1 1 1 1 1 1 1 1 1 1 1 1 1 1 1
Case #189: 16 2 2 2 3 3 3 3 5 11 1 1 1 1 1 1 1
Case #190: 22 2 2 2 2 2 3 5 5 5 1 1 1 1 1 1 1 1 1 1 1 1 1
Case #191: 20 2 2 2 3 3 3 3 11 1 1 1 1 1 1 1 1 1 1 1 1
Case #192: 12 2 2 2 2 2 3 5 7 13 1 1 1
Case #193: -1
Case #194: -1
Case #195: -1
Case #196: -1
Case #197: 20 2 2 2 2 2 2 2 2 2 3 3 5 5 1 1 1 1 1 1 1
Case #198: 20 2 2 2 2 2 2 2 3 3 3 3 7 1 1 1 1 1 1 1 1
Case #199: 19 2 2 2 2 2 2 2 2 2 2 3 3 5 5 1 1 1 1 1
Case #200: 21 2 2 5 5 11 1 1 1 1 1 1 1 1 1 1 1 1 1 1 1 1
Case #201: -1
Case #202: 41 1 1 1 1 1 1 1 1 1 1 1 1 1 1 1 1 1 1 1 1 1 1 1 1 1 1 1 1 1 1 1 1 1 1 1 1 1 1 1 1 1
Case #203: 10 2 3 3 5 5 7 13 1 1 1
Case #204: 24 2 2 2 2 2 2 2 2 2 2 2 7 1 1 1 1 1 1 1 1 1 1 1 1
Case #205: 16 2 3 5 5 5 11 1 1 1 1 1 1 1 1 1 1
Case #206: 41 1 1 1 1 1 1 1 1 1 1 1 1 1 1 1 1 1 1 1 1 1 1 1 1 1 1 1 1 1 1 1 1 1 1 1 1 1 1 1 1 1
Case #207: 22 2 2 2 2 2 3 3 11 1 1 1 1 1 1 1 1 1 1 1 1 1 1
Case #208: 19 2 2 2 2 2 2 2 2 2 2 2 2 3 5 5 1 1 1 1
Case #209: 16 2 2 2 2 2 2 2 3 3 3 5 5 5 1 1 1
Case #210: 14 2 2 2 2 2 2 2 3 7 13 1 1 1 1
Case #211: 13 2 2 2 2 2 2 3 5 5 7 7 1 1
Case #212: -1
Case #213: 21 3 3 3 5 5 7 1 1 1 1 1 1 1 1 1 1 1 1 1 1 1
Case #214: 33 2 2 3 3 3 1 1 1 1 1 1 1 1 1 1 1 1 1 1 1 1 1 1 1 1 1 1 1 1 1 1 1 1
Case #215: 20 2 2 2 2 2 2 2 2 2 2 2 3 5 5 1 1 1 1 1 1
Case #216: 22 2 2 2 2 2 2 2 2 2 2 2 2 2 2 2 2 2 2 2 1 1 1
Case #217: 13 29 1 1 1 1 1 1 1 1 1 1 1 1
Case #218: -1
Case #219: 24 2 2 2 2 2 2 2 3 5 5 1 1 1 1 1 1 1 1 1 1 1 1 1 1
Case #220: 18 2 2 2 2 2 2 2 2 2 2 2 3 11 1 1 1 1 1
Case #221: 15 2 2 3 3 3 3 3 3 3 11 1 1 1 1 1
Case #222: 24 2 2 2 2 2 2 2 2 2 3 3 5 1 1 1 1 1 1 1 1 1 1 1 1
Case #223: 25 2 2 3 3 5 7 1 1 1 1 1 1 1 1 1 1 1 1 1 1 1 1 1 1 1
Case #224: 20 2 2 2 3 3 3 5 5 5 1 1 1 1 1 1 1 1 1 1 1
Case #225: -1
Case #226: 26 2 5 11 1 1 1 1 1 1 1 1 1 1 1 1 1 1 1 1 1 1 1 1 1 1 1
Case #227: -1
Case #228: 18 2 2 2 2 2 2 2 2 2 3 7 7 1 1 1 1 1 1
Case #229: 20 2 2 2 3 3 5 11 1 1 1 1 1 1 1 1 1 1 1 1 1
Case #230: 16 2 2 2 2 2 3 3 3 5 11 1 1 1 1 1 1
Case #231: 22 2 2 2 2 2 3 3 5 7 1 1 1 1 1 1 1 1 1 1 1 1 1
Case #232: 22 2 2 2 2 2 2 2 2 2 2 2 2 2 3 5 1 1 1 1 1 1 1
Case #233: 28 2 2 2 2 2 2 2 2 2 3 3 1 1 1 1 1 1 1 1 1 1 1 1 1 1 1 1 1
Case #234: 23 2 2 2 2 2 2 2 2 2 2 2 2 2 2 5 1 1 1 1 1 1 1 1
Case #235: 15 2 2 3 3 3 5 5 11 1 1 1 1 1 1 1
Case #236: 21 2 2 2 2 2 2 2 2 3 11 1 1 1 1 1 1 1 1 1 1 1
Case #237: 29 2 2 11 1 1 1 1 1 1 1 1 1 1 1 1 1 1 1 1 1 1 1 1 1 1 1 1 1 1
Case #238: 16 2 2 2 2 2 2 2 2 2 2 2 3 7 7 1 1
Case #239: 12 2 2 2 3 3 5 7 7 7 1 1 1
Case #240: -1
Case #241: -1
Case #242: 12 2 2 2 3 3 5 19 1 1 1 1 1
Case #243: 41 1 1 1 1 1 1 1 1 1 1 1 1 1 1 1 1 1 1 1 1 1 1 1 1 1 1 1 1 1 1 1 1 1 1 1 1 1 1 1 1 1
Case #244: 21 2 2 2 2 2 2 3 3 3 3 3 3 3 1 1 1 1 1 1 1 1
Case #245: 34 2 7 1 1 1 1 1 1 1 1 1 1 1 1 1 1 1 1 1 1 1 1 1 1 1 1 1 1 1 1 1 1 1 1
Case #246: 34 2 3 5 1 1 1 1 1 1 1 1 1 1 1 1 1 1 1 1 1 1 1 1 1 1 1 1 1 1 1 1 1 1 1
Case #247: 19 2 2 2 2 2 2 3 3 3 3 3 7 1 1 1 1 1 1 1
Case #248: 27 2 2 3 5 7 1 1 1 1 1 1 1 1 1 1 1 1 1 1 1 1 1 1 1 1 1 1
Case #249: 14 2 2 2 2 2 2 2 3 5 5 11 1 1 1
Case #250: 15 2 2 2 2 3 3 3 3 5 5 7 1 1 1 1
Case #251: 12 2 2 2 2 2 3 3 5 17 1 1 1
Case #252: 23 2 2 2 2 2 2 2 2 2 2 2 2 7 1 1 1 1 1 1 1 1 1 1
Case #253: 14 2 2 2 2 2 3 3 3 17 1 1 1 1 1
Case #254: 16 2 3 3 5 17 1 1 1 1 1 1 1 1 1 1 1
Case #255: 18 2 2 2 3 3 3 3 3 11 1 1 1 1 1 1 1 1 1
Case #256: 26 2 2 2 2 2 2 2 2 2 3 3 3 1 1 1 1 1 1 1 1 1 1 1 1 1 1
Case #257: -1
Case #258: 17 2 2 2 2 3 3 5 7 7 1 1 1 1 1 1 1 1
Case #259: 14 2 2 2 2 2 2 2 2 2 3 7 11 1 1
Case #260: -1
Case #261: -1
Case #262: 19 2 2 2 2 3 7 11 1 1 1 1 1 1 1 1 1 1 1 1
Case #263: 26 2 2 2 3 3 3 3 5 1 1 1 1 1 1 1 1 1 1 1 1 1 1 1 1 1 1
Case #264: 17 2 2 2 2 2 2 3 3 3 3 3 3 3 5 1 1 1
Case #265: 23 7 13 1 1 1 1 1 1 1 1 1 1 1 1 1 1 1 1 1 1 1 1 1
Case #266: 12 2 2 2 2 2 2 2 3 11 11 1 1
Case #267: 21 2 2 2 2 2 2 2 2 2 2 2 2 3 3 5 1 1 1 1 1 1
Case #268: 29 13 1 1 1 1 1 1 1 1 1 1 1 1 1 1 1 1 1 1 1 1 1 1 1 1 1 1 1 1
Case #269: 21 3 3 3 3 3 3 3 3 5 1 1 1 1 1 1 1 1 1 1 1 1
Case #270: -1
Case #271: -1
Case #272: 24 2 2 2 2 2 2 2 3 3 3 5 1 1 1 1 1 1 1 1 1 1 1 1 1
Case #273: 16 2 2 2 2 2 3 3 3 3 13 1 1 1 1 1 1
Case #274: 25 7 11 1 1 1 1 1 1 1 1 1 1 1 1 1 1 1 1 1 1 1 1 1 1 1
Case #275: 26 2 2 2 2 2 2 2 2 2 3 5 1 1 1 1 1 1 1 1 1 1 1 1 1 1 1
Case #276: 14 2 3 3 5 5 5 5 7 1 1 1 1 1 1
Case #277: 18 2 2 2 2 2 3 17 1 1 1 1 1 1 1 1 1 1 1
Case #278: 16 2 2 2 2 2 2 2 2 2 3 5 5 7 1 1 1
Case #279: -1
Case #280: 13 2 2 2 2 3 3 3 19 1 1 1 1 1
Case #281: 23 3 17 1 1 1 1 1 1 1 1 1 1 1 1 1 1 1 1 1 1 1 1 1
Case #282: 21 2 2 3 5 7 7 1 1 1 1 1 1 1 1 1 1 1 1 1 1 1
Case #283: 16 2 2 2 3 3 5 5 5 7 1 1 1 1 1 1 1
Case #284: 18 2 2 2 2 2 2 2 3 3 3 3 5 5 1 1 1 1 1
Case #285: 19 2 2 2 2 3 3 3 3 5 7 1 1 1 1 1 1 1 1 1
Case #286: -1
Case #287: 18 2 2 2 2 2 2 2 2 2 2 2 2 2 3 5 5 1 1
Case #288: 21 2 2 3 3 3 3 3 5 5 1 1 1 1 1 1 1 1 1 1 1 1
Case #289: -1
Case #290: 10 2 2 2 3 11 17 1 1 1 1
Case #291: 17 2 2 2 2 2 2 3 3 3 13 1 1 1 1 1 1 1
Case #292: 21 2 2 3 5 5 5 5 1 1 1 1 1 1 1 1 1 1 1 1 1 1
Case #293: 20 2 2 2 3 7 11 1 1 1 1 1 1 1 1 1 1 1 1 1 1
Case #294: -1
Case #295: 19 2 2 2 2 2 2 2 2 3 3 3 3 3 5 1 1 1 1 1
Case #296: 20 2 3 3 3 3 3 3 3 3 5 1 1 1 1 1 1 1 1 1 1
Case #297: 17 2 2 3 3 3 3 5 11 1 1 1 1 1 1 1 1 1
Case #298: 16 2 2 2 2 2 3 3 5 13 1 1 1 1 1 1 1
Case #299: 12 2 2 2 3 3 5 5 5 11 1 1 1
Case #300: 36 2 5 1 1 1 1 1 1 1 1 1 1 1 1 1 1 1 1 1 1 1 1 1 1 1 1 1 1 1 1 1 1 1 1 1 1
Case #301: 41 1 1 1 1 1 1 1 1 1 1 1 1 1 1 1 1 1 1 1 1 1 1 1 1 1 1 1 1 1 1 1 1 1 1 1 1 1 1 1 1 1
Case #302: 21 2 2 2 2 2 2 2 2 3 3 3 7 1 1 1 1 1 1 1 1 1
Case #303: 22 2 2 2 2 2 2 2 5 5 5 1 1 1 1 1 1 1 1 1 1 1 1
Case #304: 19 2 2 2 2 3 3 5 11 1 1 1 1 1 1 1 1 1 1 1
Case #305: 18 2 2 2 3 3 3 3 3 5 7 1 1 1 1 1 1 1 1
Case #306: 19 2 2 2 2 2 2 2 2 3 3 5 7 1 1 1 1 1 1 1
Case #307: -1
Case #308: 26 2 2 2 2 2 3 3 3 5 1 1 1 1 1 1 1 1 1 1 1 1 1 1 1 1 1
Case #309: 25 2 2 2 2 2 2 2 2 2 2 2 2 2 2 2 2 1 1 1 1 1 1 1 1 1
Case #310: 28 2 2 2 2 2 2 2 2 2 5 1 1 1 1 1 1 1 1 1 1 1 1 1 1 1 1 1 1
Case #311: 29 3 5 7 1 1 1 1 1 1 1 1 1 1 1 1 1 1 1 1 1 1 1 1 1 1 1 1 1 1
Case #312: 19 2 2 2 2 2 2 2 2 2 2 3 3 3 3 5 1 1 1 1
Case #313: 12 2 3 3 5 5 5 13 1 1 1 1 1
Case #314: 12 2 2 2 2 2 3 5 5 5 11 1 1
Case #315: 13 2 2 2 2 3 3 3 3 5 13 1 1 1
Case #316: -1
Case #317: 16 2 2 2 3 3 3 5 7 7 1 1 1 1 1 1 1
Case #318: 16 2 2 2 3 3 3 5 13 1 1 1 1 1 1 1 1
Case #319: 21 2 2 3 3 3 3 3 3 3 5 1 1 1 1 1 1 1 1 1 1 1
Case #320: 16 2 2 2 2 2 2 2 2 2 3 5 11 1 1 1 1
Case #321: 23 2 2 2 2 3 3 3 3 3 5 1 1 1 1 1 1 1 1 1 1 1 1 1
Case #322: 9 2 2 31 1 1 1 1 1 1
Case #323: 18 2 3 3 3 5 5 5 5 1 1 1 1 1 1 1 1 1 1
Case #324: 24 2 3 3 5 5 5 1 1 1 1 1 1 1 1 1 1 1 1 1 1 1 1 1 1
Case #325: -1
Case #326: 24 2 2 2 2 2 3 3 5 5 1 1 1 1 1 1 1 1 1 1 1 1 1 1 1
Case #327: -1
Case #328: 29 5 5 5 1 1 1 1 1 1 1 1 1 1 1 1 1 1 1 1 1 1 1 1 1 1 1 1 1 1
Case #329: 22 2 2 2 2 2 2 2 2 2 3 3 7 1 1 1 1 1 1 1 1 1 1
Case #330: 16 2 2 2 2 2 2 2 5 5 5 7 1 1 1 1 1
Case #331: 33 2 2 2 2 5 1 1 1 1 1 1 1 1 1 1 1 1 1 1 1 1 1 1 1 1 1 1 1 1 1 1 1 1
Case #332: 23 2 2 2 2 2 2 2 2 3 3 3 3 3 1 1 1 1 1 1 1 1 1 1
Case #333: 18 2 3 3 3 5 13 1 1 1 1 1 1 1 1 1 1 1 1
Case #334: 16 2 2 2 3 3 3 3 3 3 3 3 3 5 1 1 1
Case #335: 30 2 2 2 2 2 3 3 3 1 1 1 1 1 1 1 1 1 1 1 1 1 1 1 1 1 1 1 1 1 1
Case #336: 27 2 2 13 1 1 1 1 1 1 1 1 1 1 1 1 1 1 1 1 1 1 1 1 1 1 1 1
Case #337: -1
Case #338: -1
Case #339: 25 2 2 2 2 2 2 2 2 2 2 2 2 2 2 3 1 1 1 1 1 1 1 1 1 1
Case #340: 12 2 3 3 5 5 5 5 5 5 1 1 1
Case #341: 24 2 2 2 2 2 2 2 2 2 2 2 2 2 2 2 3 1 1 1 1 1 1 1 1
Case #342: -1
Case #343: 25 2 2 5 5 7 1 1 1 1 1 1 1 1 1 1 1 1 1 1 1 1 1 1 1 1
Case #344: 30 2 2 2 2 2 7 1 1 1 1 1 1 1 1 1 1 1 1 1 1 1 1 1 1 1 1 1 1 1 1
Case #345: 23 3 17 1 1 1 1 1 1 1 1 1 1 1 1 1 1 1 1 1 1 1 1 1
Case #346: -1
Case #347: 12 2 3 3 3 3 3 3 5 13 1 1 1
Case #348: 29 2 2 3 3 3 5 1 1 1 1 1 1 1 1 1 1 1 1 1 1 1 1 1 1 1 1 1 1 1
Case #349: 20 2 2 2 2 2 2 2 2 2 2 2 2 2 2 2 2 2 5 1 1
Case #350: 18 2 23 1 1 1 1 1 1 1 1 1 1 1 1 1 1 1 1
Case #351: 17 2 2 2 2 2 2 2 2 3 5 5 7 1 1 1 1 1
Case #352: -1
Case #353: 19 2 2 3 3 3 5 11 1 1 1 1 1 1 1 1 1 1 1 1
Case #354: 15 2 2 2 2 2 2 2 2 3 3 5 11 1 1 1
Case #355: 17 2 2 3 3 3 5 7 7 1 1 1 1 1 1 1 1 1
Case #356: 23 2 2 2 2 3 5 5 5 1 1 1 1 1 1 1 1 1 1 1 1 1 1 1
Case #357: 19 2 2 2 2 2 2 3 5 11 1 1 1 1 1 1 1 1 1 1
Case #358: 13 2 2 5 5 7 7 7 1 1 1 1 1 1
Case #359: -1
Case #360: -1
Case #361: 26 2 2 2 13 1 1 1 1 1 1 1 1 1 1 1 1 1 1 1 1 1 1 1 1 1 1
Case #362: 14 2 2 2 2 2 3 5 5 13 1 1 1 1 1
Case #363: 22 2 2 2 2 2 2 2 2 2 2 2 2 2 2 2 5 1 1 1 1 1 1
Case #364: 28 2 2 2 3 3 3 3 3 1 1 1 1 1 1 1 1 1 1 1 1 1 1 1 1 1 1 1 1
Case #365: 11 2 2 2 2 3 5 5 5 13 1 1
Case #366: 24 2 2 2 2 2 2 2 3 3 3 3 3 1 1 1 1 1 1 1 1 1 1 1 1
Case #367: 25 2 2 2 2 2 2 2 2 5 5 1 1 1 1 1 1 1 1 1 1 1 1 1 1 1
Case #368: -1
Case #369: 21 2 2 2 2 2 2 3 5 5 5 1 1 1 1 1 1 1 1 1 1 1
Case #370: 16 2 2 2 2 2 2 2 3 5 5 5 5 1 1 1 1
Case #371: 20 2 2 2 2 2 3 3 3 3 5 5 1 1 1 1 1 1 1 1 1
Case #372: 14 2 2 2 2 2 2 2 5 7 11 1 1 1 1
Case #373: 14 2 2 2 2 2 3 3 3 5 13 1 1 1 1
Case #374: 25 2 2 2 2 2 2 2 2 3 7 1 1 1 1 1 1 1 1 1 1 1 1 1 1 1
Case #375: 41 1 1 1 1 1 1 1 1 1 1 1 1 1 1 1 1 1 1 1 1 1 1 1 1 1 1 1 1 1 1 1 1 1 1 1 1 1 1 1 1 1
Case #376: 24 2 2 2 3 5 5 5 1 1 1 1 1 1 1 1 1 1 1 1 1 1 1 1 1
Case #377: -1
Case #378: 15 2 2 2 2 3 3 3 5 5 5 5 1 1 1 1
Case #379: 10 2 31 1 1 1 1 1 1 1 1
Case #380: 19 2 2 3 5 5 5 7 1 1 1 1 1 1 1 1 1 1 1 1
Case #381: -1
Case #382: 18 2 2 2 3 3 3 3 7 7 1 1 1 1 1 1 1 1 1
Case #383: 14 2 2 2 5 5 7 11 1 1 1 1 1 1 1
Case #384: -1
Case #385: 24 2 2 2 2 2 3 11 1 1 1 1 1 1 1 1 1 1 1 1 1 1 1 1 1
Case #386: 18 2 2 2 2 2 3 3 5 11 1 1 1 1 1 1 1 1 1
Case #387: 41 1 1 1 1 1 1 1 1 1 1 1 1 1 1 1 1 1 1 1 1 1 1 1 1 1 1 1 1 1 1 1 1 1 1 1 1 1 1 1 1 1
Case #388: 31 2 2 2 2 7 1 1 1 1 1 1 1 1 1 1 1 1 1 1 1 1 1 1 1 1 1 1 1 1 1 1
Case #389: 18 2 2 2 2 2 3 3 3 3 11 1 1 1 1 1 1 1 1
Case #390: 11 2 2 2 2 2 2 3 5 19 1 1
Case #391: 11 2 2 2 2 3 3 5 19 1 1 1
Case #392: 19 2 2 2 2 2 2 2 2 2 2 3 3 3 7 1 1 1 1 1
Case #393: 12 2 2 2 3 7 7 13 1 1 1 1 1
Case #394: 15 2 2 2 2 2 2 3 5 5 5 7 1 1 1 1
Case #395: 32 2 2 2 2 2 3 3 1 1 1 1 1 1 1 1 1 1 1 1 1 1 1 1 1 1 1 1 1 1 1 1 1
Case #396: 14 2 2 2 3 3 3 3 5 13 1 1 1 1 1
Case #397: -1
Case #398: -1
Case #399: 22 2 2 2 2 2 2 2 2 2 2 2 2 2 3 3 3 1 1 1 1 1 1
Case #400: -1
Case #401: 15 2 2 3 3 3 3 3 3 3 5 7 1 1 1 1
Case #402: -1
Case #403: 36 2 2 2 3 1 1 1 1 1 1 1 1 1 1 1 1 1 1 1 1 1 1 1 1 1 1 1 1 1 1 1 1 1 1 1 1
Case #404: 26 2 2 2 2 2 2 2 2 2 2 2 2 2 3 1 1 1 1 1 1 1 1 1 1 1 1
Case #405: 19 2 2 3 3 3 3 3 3 3 3 5 1 1 1 1 1 1 1 1
Case #406: 34 2 2 2 2 2 2 2 1 1 1 1 1 1 1 1 1 1 1 1 1 1 1 1 1 1 1 1 1 1 1 1 1 1 1
Case #407: 29 2 2 2 2 2 2 2 2 2 2 3 1 1 1 1 1 1 1 1 1 1 1 1 1 1 1 1 1 1
Case #408: 9 2 2 2 2 3 11 17 1 1
Case #409: 18 2 2 2 2 2 3 3 3 7 7 1 1 1 1 1 1 1 1
Case #410: -1
Case #411: 22 2 2 2 3 3 3 3 3 3 3 3 1 1 1 1 1 1 1 1 1 1 1
Case #412: 19 2 2 3 3 3 3 3 3 5 5 1 1 1 1 1 1 1 1 1
Case #413: 41 1 1 1 1 1 1 1 1 1 1 1 1 1 1 1 1 1 1 1 1 1 1 1 1 1 1 1 1 1 1 1 1 1 1 1 1 1 1 1 1 1
Case #414: 12 2 2 2 3 3 3 5 7 11 1 1 1
Case #415: -1
Case #416: -1
Case #417: 11 2 2 2 2 3 3 7 17 1 1 1
Case #418: 14 2 2 2 3 5 5 5 5 7 1 1 1 1 1
Case #419: 18 2 2 2 2 2 2 2 3 5 5 7 1 1 1 1 1 1 1
Case #420: 22 2 2 2 2 2 2 2 3 3 3 3 3 3 1 1 1 1 1 1 1 1 1
Case #421: 14 2 2 2 3 3 3 3 7 11 1 1 1 1 1
Case #422: 20 2 2 2 2 2 2 2 5 11 1 1 1 1 1 1 1 1 1 1 1
Case #423: 20 2 2 2 2 2 2 2 2 2 2 2 2 2 2 2 3 5 1 1 1
Case #424: 19 2 2 2 2 3 3 3 3 3 3 7 1 1 1 1 1 1 1 1
Case #425: 16 2 3 5 7 13 1 1 1 1 1 1 1 1 1 1 1
Case #426: 23 2 2 3 3 3 5 7 1 1 1 1 1 1 1 1 1 1 1 1 1 1 1 1
Case #427: 9 2 2 2 2 3 5 23 1 1
Case #428: 13 2 2 3 3 3 3 5 5 11 1 1 1 1
Case #429: 12 2 3 3 3 3 3 5 5 11 1 1 1
Case #430: 3 5 17 19
Case #431: 27 2 2 2 2 3 3 7 1 1 1 1 1 1 1 1 1 1 1 1 1 1 1 1 1 1 1 1
Case #432: 33 3 3 3 3 1 1 1 1 1 1 1 1 1 1 1 1 1 1 1 1 1 1 1 1 1 1 1 1 1 1 1 1 1
Case #433: 33 2 2 2 2 2 2 3 1 1 1 1 1 1 1 1 1 1 1 1 1 1 1 1 1 1 1 1 1 1 1 1 1 1
Case #434: 17 2 2 3 3 3 3 3 3 5 7 1 1 1 1 1 1 1
Case #435: 26 2 3 3 3 3 3 5 1 1 1 1 1 1 1 1 1 1 1 1 1 1 1 1 1 1 1
Case #436: 15 2 2 2 2 2 2 3 3 5 13 1 1 1 1 1
Case #437: 23 19 1 1 1 1 1 1 1 1 1 1 1 1 1 1 1 1 1 1 1 1 1 1
Case #438: 19 2 2 3 3 5 13 1 1 1 1 1 1 1 1 1 1 1 1 1
Case #439: -1
Case #440: 17 3 23 1 1 1 1 1 1 1 1 1 1 1 1 1 1 1
Case #441: -1
Case #442: 6 2 17 19 1 1 1
Case #443: 16 2 2 2 2 2 3 3 3 3 3 11 1 1 1 1 1
Case #444: 21 2 2 2 2 3 3 3 3 3 3 3 3 1 1 1 1 1 1 1 1 1
Case #445: -1
Case #446: 17 2 2 3 3 7 7 7 1 1 1 1 1 1 1 1 1 1
Case #447: 21 2 2 3 3 3 5 5 5 1 1 1 1 1 1 1 1 1 1 1 1 1
Case #448: 17 2 2 2 2 2 2 2 2 2 2 3 7 7 1 1 1 1
Case #449: 16 2 2 2 2 2 3 3 5 5 5 5 1 1 1 1 1
Case #450: 16 2 2 2 2 2 2 2 2 2 5 7 7 1 1 1 1
Case #451: -1
Case #452: 15 2 2 2 2 2 2 3 3 3 5 5 7 1 1 1
Case #453: 26 2 2 2 2 2 2 2 2 2 2 2 3 3 1 1 1 1 1 1 1 1 1 1 1 1 1
Case #454: 3 17 23 1
Case #455: 41 1 1 1 1 1 1 1 1 1 1 1 1 1 1 1 1 1 1 1 1 1 1 1 1 1 1 1 1 1 1 1 1 1 1 1 1 1 1 1 1 1
Case #456: -1
Case #457: 20 2 2 2 2 2 2 2 3 3 5 7 1 1 1 1 1 1 1 1 1
Case #458: 19 2 2 2 2 2 2 3 3 3 11 1 1 1 1 1 1 1 1 1
Case #459: 19 2 2 2 2 3 5 13 1 1 1 1 1 1 1 1 1 1 1 1
Case #460: 33 3 3 5 1 1 1 1 1 1 1 1 1 1 1 1 1 1 1 1 1 1 1 1 1 1 1 1 1 1 1 1 1 1
Case #461: 13 2 2 3 5 5 7 11 1 1 1 1 1 1
Case #462: 7 5 7 7 19 1 1 1
Case #463: 19 2 2 2 2 2 2 5 13 1 1 1 1 1 1 1 1 1 1 1
Case #464: -1
Case #465: 16 2 2 2 2 2 2 2 3 3 5 5 7 1 1 1 1
Case #466: 16 2 3 3 3 3 3 3 5 5 5 1 1 1 1 1 1
Case #467: 17 2 2 2 2 2 2 3 3 3 3 11 1 1 1 1 1 1
Case #468: 16 2 2 2 2 2 3 19 1 1 1 1 1 1 1 1 1
Case #469: 24 2 2 2 2 2 2 2 5 7 1 1 1 1 1 1 1 1 1 1 1 1 1 1 1
Case #470: 20 2 2 2 2 2 2 2 2 2 3 5 7 1 1 1 1 1 1 1 1
Case #471: 18 2 2 2 3 5 5 11 1 1 1 1 1 1 1 1 1 1 1
Case #472: 26 2 2 2 2 2 2 2 2 2 7 1 1 1 1 1 1 1 1 1 1 1 1 1 1 1 1
Case #473: 13 2 2 3 3 3 5 5 13 1 1 1 1 1
Case #474: 30 2 11 1 1 1 1 1 1 1 1 1 1 1 1 1 1 1 1 1 1 1 1 1 1 1 1 1 1 1 1
Case #475: 17 2 2 2 2 3 3 3 3 3 11 1 1 1 1 1 1 1
Case #476: 20 2 2 2 2 2 2 2 2 2 2 2 3 3 7 1 1 1 1 1 1
Case #477: 17 2 2 23 1 1 1 1 1 1 1 1 1 1 1 1 1 1
Case #478: 25 5 13 1 1 1 1 1 1 1 1 1 1 1 1 1 1 1 1 1 1 1 1 1 1 1
Case #479: 23 3 3 3 3 3 5 5 1 1 1 1 1 1 1 1 1 1 1 1 1 1 1 1
Case #480: 19 2 2 2 2 2 2 3 3 3 3 5 5 1 1 1 1 1 1 1
Case #481: -1
Case #482: 20 2 2 2 2 2 2 2 3 7 7 1 1 1 1 1 1 1 1 1 1
Case #483: 15 2 2 2 2 3 3 3 3 3 13 1 1 1 1 1
Case #484: 16 2 2 2 2 2 5 17 1 1 1 1 1 1 1 1 1
Case #485: 20 2 5 17 1 1 1 1 1 1 1 1 1 1 1 1 1 1 1 1 1
Case #486: 10 2 2 2 3 5 5 7 13 1 1
Case #487: 24 2 2 2 2 2 3 3 3 3 5 1 1 1 1 1 1 1 1 1 1 1 1 1 1
Case #488: 25 2 2 2 2 5 5 5 1 1 1 1 1 1 1 1 1 1 1 1 1 1 1 1 1 1
Case #489: -1
Case #490: 35 7 1 1 1 1 1 1 1 1 1 1 1 1 1 1 1 1 1 1 1 1 1 1 1 1 1 1 1 1 1 1 1 1 1 1
Case #491: 35 2 2 3 3 1 1 1 1 1 1 1 1 1 1 1 1 1 1 1 1 1 1 1 1 1 1 1 1 1 1 1 1 1 1 1
Case #492: 19 2 2 2 2 3 3 3 3 3 3 3 5 1 1 1 1 1 1 1
Case #493: 15 2 2 2 2 2 2 2 2 2 2 3 5 11 1 1
Case #494: 27 3 3 3 3 3 5 1 1 1 1 1 1 1 1 1 1 1 1 1 1 1 1 1 1 1 1 1
Case #495: 20 2 2 2 2 2 3 3 7 7 1 1 1 1 1 1 1 1 1 1 1
Case #496: 29 3 11 1 1 1 1 1 1 1 1 1 1 1 1 1 1 1 1 1 1 1 1 1 1 1 1 1 1 1
Case #497: 14 2 3 3 3 3 3 3 3 5 5 5 1 1 1
Case #498: 24 2 2 2 2 2 2 2 2 2 2 2 2 2 5 1 1 1 1 1 1 1 1 1 1
Case #499: 18 2 2 2 2 2 3 5 5 5 5 1 1 1 1 1 1 1 1
Case #500: 21 2 2 2 2 3 5 5 7 1 1 1 1 1 1 1 1 1 1 1 1 1
Case #501: 10 2 2 2 3 5 7 7 11 1 1
Case #502: 25 2 2 2 2 3 3 3 3 5 1 1 1 1 1 1 1 1 1 1 1 1 1 1 1 1
Case #503: 5 37 1 1 1 1
Case #504: -1
Case #505: 17 2 2 2 2 3 3 3 3 3 3 3 7 1 1 1 1 1
Case #506: 15 2 2 3 3 3 3 3 3 5 5 5 1 1 1 1
Case #507: 15 2 2 2 2 3 5 5 5 5 5 1 1 1 1 1
Case #508: -1
Case #509: 14 2 2 2 3 3 3 7 7 7 1 1 1 1 1
Case #510: 37 3 3 1 1 1 1 1 1 1 1 1 1 1 1 1 1 1 1 1 1 1 1 1 1 1 1 1 1 1 1 1 1 1 1 1 1 1
Case #511: 16 2 2 2 2 2 2 2 3 5 7 7 1 1 1 1 1
Case #512: 21 5 17 1 1 1 1 1 1 1 1 1 1 1 1 1 1 1 1 1 1 1
Case #513: 19 2 2 2 2 3 17 1 1 1 1 1 1 1 1 1 1 1 1 1
Case #514: -1
Case #515: -1
Case #516: 13 2 2 2 2 3 5 19 1 1 1 1 1 1
Case #517: 19 2 2 2 2 2 2 2 2 5 5 7 1 1 1 1 1 1 1 1
Case #518: 17 2 2 3 5 5 13 1 1 1 1 1 1 1 1 1 1 1
Case #519: 18 2 2 2 3 5 5 5 7 1 1 1 1 1 1 1 1 1 1
Case #520: 17 2 2 2 2 2 2 2 2 3 3 3 11 1 1 1 1 1
Case #521: 17 2 2 2 2 3 3 3 3 3 3 5 5 1 1 1 1 1
Case #522: 17 2 2 2 2 2 2 2 2 3 3 7 7 1 1 1 1 1
Case #523: 19 2 2 2 2 2 2 3 3 3 5 7 1 1 1 1 1 1 1 1
Case #524: 13 2 2 3 3 3 3 7 13 1 1 1 1 1
Case #525: 16 2 2 2 2 2 3 5 5 5 7 1 1 1 1 1 1
Case #526: 11 3 29 1 1 1 1 1 1 1 1 1
Case #527: -1
Case #528: 27 2 2 2 2 2 2 2 2 2 2 3 3 1 1 1 1 1 1 1 1 1 1 1 1 1 1 1
Case #529: 15 2 2 2 2 3 5 5 7 7 1 1 1 1 1 1
Case #530: 17 2 2 2 2 5 5 13 1 1 1 1 1 1 1 1 1 1
Case #531: 12 2 29 1 1 1 1 1 1 1 1 1 1
Case #532: -1
Case #533: 20 2 2 2 2 2 2 2 2 2 2 2 2 2 3 7 1 1 1 1 1
Case #534: 16 2 2 2 3 5 5 7 7 1 1 1 1 1 1 1 1
Case #535: 18 2 2 2 3 3 3 3 3 3 3 3 3 3 1 1 1 1 1
Case #536: -1
Case #537: 22 2 2 2 3 3 3 3 5 5 1 1 1 1 1 1 1 1 1 1 1 1 1
Case #538: 22 2 2 2 3 3 3 5 7 1 1 1 1 1 1 1 1 1 1 1 1 1 1
Case #539: 34 2 2 2 2 2 3 1 1 1 1 1 1 1 1 1 1 1 1 1 1 1 1 1 1 1 1 1 1 1 1 1 1 1 1
Case #540: 21 2 2 2 2 2 2 2 2 2 2 2 2 2 2 2 2 2 2 3 1 1
Case #541: -1
Case #542: 25 2 2 2 2 2 2 2 2 3 3 3 3 1 1 1 1 1 1 1 1 1 1 1 1 1
Case #543: 19 2 2 2 2 2 2 2 2 2 2 5 5 5 1 1 1 1 1 1
Case #544: 13 2 2 2 2 3 3 5 17 1 1 1 1 1
Case #545: 17 2 2 2 2 2 2 3 3 3 3 5 7 1 1 1 1 1
Case #546: 15 2 2 2 2 3 3 3 3 5 11 1 1 1 1 1
Case #547: 20 2 2 2 2 2 2 2 2 2 2 2 3 3 3 5 1 1 1 1 1
Case #548: 20 2 3 7 13 1 1 1 1 1 1 1 1 1 1 1 1 1 1 1 1
Case #549: 16 2 2 2 3 3 7 13 1 1 1 1 1 1 1 1 1
Case #550: 28 2 2 2 3 3 7 1 1 1 1 1 1 1 1 1 1 1 1 1 1 1 1 1 1 1 1 1 1
Case #551: 21 2 2 2 2 2 2 3 3 5 7 1 1 1 1 1 1 1 1 1 1 1
Case #552: -1
Case #553: -1
Case #554: 24 2 2 2 2 2 5 5 5 1 1 1 1 1 1 1 1 1 1 1 1 1 1 1 1
Case #555: 19 2 2 2 2 2 2 3 3 3 3 3 3 5 1 1 1 1 1 1
Case #556: 17 2 2 3 3 3 3 3 3 11 1 1 1 1 1 1 1 1
Case #557: 4 2 37 1 1
Case #558: 18 2 3 3 3 5 7 7 1 1 1 1 1 1 1 1 1 1 1
Case #559: -1
Case #560: 32 2 3 3 5 1 1 1 1 1 1 1 1 1 1 1 1 1 1 1 1 1 1 1 1 1 1 1 1 1 1 1 1
Case #561: 21 2 2 2 2 2 2 2 2 7 7 1 1 1 1 1 1 1 1 1 1 1
Case #562: 13 2 2 3 3 5 5 5 11 1 1 1 1 1
Case #563: 18 2 2 2 2 2 2 2 2 2 2 2 5 5 5 1 1 1 1
Case #564: 23 2 2 2 2 2 2 2 2 2 2 2 2 3 5 1 1 1 1 1 1 1 1 1
Case #565: 20 2 3 3 5 7 7 1 1 1 1 1 1 1 1 1 1 1 1 1 1
Case #566: -1
Case #567: 20 2 2 2 3 3 3 3 3 3 3 3 3 1 1 1 1 1 1 1 1
Case #568: 17 2 2 3 3 3 5 5 5 5 1 1 1 1 1 1 1 1
Case #569: 21 2 2 2 2 3 3 3 11 1 1 1 1 1 1 1 1 1 1 1 1 1
Case #570: 32 2 2 2 7 1 1 1 1 1 1 1 1 1 1 1 1 1 1 1 1 1 1 1 1 1 1 1 1 1 1 1 1
Case #571: 17 2 2 3 3 3 7 11 1 1 1 1 1 1 1 1 1 1
Case #572: -1
Case #573: 23 3 3 3 5 5 5 1 1 1 1 1 1 1 1 1 1 1 1 1 1 1 1 1
Case #574: 12 2 2 2 3 5 5 5 5 5 5 1 1
Case #575: 19 2 2 2 2 2 2 3 3 5 5 5 1 1 1 1 1 1 1 1
Case #576: 27 2 2 2 2 2 2 2 2 2 2 2 2 3 1 1 1 1 1 1 1 1 1 1 1 1 1 1
Case #577: -1
Case #578: 21 2 2 2 2 2 2 2 2 2 2 2 2 3 7 1 1 1 1 1 1 1
Case #579: -1
Case #580: 23 2 2 2 2 2 2 2 2 2 2 2 2 2 2 3 3 1 1 1 1 1 1 1
Case #581: -1
Case #582: 39 3 1 1 1 1 1 1 1 1 1 1 1 1 1 1 1 1 1 1 1 1 1 1 1 1 1 1 1 1 1 1 1 1 1 1 1 1 1 1
Case #583: 18 2 2 2 2 2 2 2 2 2 3 3 3 5 5 1 1 1 1
Case #584: -1
Case #585: -1
Case #586: 15 2 2 2 2 3 11 11 1 1 1 1 1 1 1 1
Case #587: 19 2 2 2 2 3 3 3 3 11 1 1 1 1 1 1 1 1 1 1
Case #588: 20 2 2 2 2 2 3 3 3 3 3 3 3 3 1 1 1 1 1 1 1
Case #589: 25 3 3 3 3 3 7 1 1 1 1 1 1 1 1 1 1 1 1 1 1 1 1 1 1 1
Case #590: 18 2 2 2 3 3 3 5 5 7 1 1 1 1 1 1 1 1 1
Case #591: 13 2 2 3 3 3 5 7 11 1 1 1 1 1
Case #592: 11 2 2 2 2 3 5 5 7 11 1 1
Case #593: 15 2 2 2 2 3 3 3 3 3 3 5 7 1 1 1
Case #594: 23 2 2 2 2 2 2 2 2 2 2 5 5 1 1 1 1 1 1 1 1 1 1 1
Case #595: -1
Case #596: -1
Case #597: 12 2 2 2 3 7 7 7 7 1 1 1 1
Case #598: 10 2 3 3 5 11 13 1 1 1 1
Case #599: 11 2 2 29 1 1 1 1 1 1 1 1
Case #600: 15 2 2 2 2 7 17 1 1 1 1 1 1 1 1 1
Case #601: 22 2 2 2 2 2 3 3 3 5 5 1 1 1 1 1 1 1 1 1 1 1 1
Case #602: 19 2 2 2 2 3 3 3 13 1 1 1 1 1 1 1 1 1 1 1
Case #603: 15 2 2 3 3 3 3 3 5 5 7 1 1 1 1 1
Case #604: -1
Case #605: 12 2 3 3 3 3 5 5 7 7 1 1 1
Case #606: 20 2 2 2 2 2 3 5 5 7 1 1 1 1 1 1 1 1 1 1 1
Case #607: 18 2 2 2 2 2 2 2 3 3 7 7 1 1 1 1 1 1 1
Case #608: 18 2 2 2 2 2 2 2 2 2 3 3 5 7 1 1 1 1 1
Case #609: 21 3 19 1 1 1 1 1 1 1 1 1 1 1 1 1 1 1 1 1 1 1
Case #610: 30 2 5 7 1 1 1 1 1 1 1 1 1 1 1 1 1 1 1 1 1 1 1 1 1 1 1 1 1 1 1
Case #611: 21 2 2 19 1 1 1 1 1 1 1 1 1 1 1 1 1 1 1 1 1 1
Case #612: 8 2 2 2 3 7 23 1 1
Case #613: 17 2 2 2 2 2 2 3 17 1 1 1 1 1 1 1 1 1
Case #614: -1
Case #615: 22 2 2 2 3 3 7 7 1 1 1 1 1 1 1 1 1 1 1 1 1 1 1
Case #616: 37 2 2 2 2 1 1 1 1 1 1 1 1 1 1 1 1 1 1 1 1 1 1 1 1 1 1 1 1 1 1 1 1 1 1 1 1 1
Case #617: 20 2 2 2 2 2 2 2 3 3 3 3 3 5 1 1 1 1 1 1 1
Case #618: 11 2 2 2 2 2 2 3 7 17 1 1
Case #619: 17 2 2 2 2 5 5 5 5 5 1 1 1 1 1 1 1 1
Case #620: 14 2 2 2 2 2 3 3 5 5 11 1 1 1 1
Case #621: 18 2 2 2 2 2 3 3 3 13 1 1 1 1 1 1 1 1 1
Case #622: 19 3 3 3 3 3 3 3 3 3 5 1 1 1 1 1 1 1 1 1
Case #623: 17 2 2 2 2 2 2 2 2 3 3 3 5 7 1 1 1 1
Case #624: 23 2 2 3 5 5 7 1 1 1 1 1 1 1 1 1 1 1 1 1 1 1 1 1
Case #625: 16 2 2 2 3 3 3 3 3 5 5 5 1 1 1 1 1
Case #626: 21 2 2 2 2 3 3 3 3 3 7 1 1 1 1 1 1 1 1 1 1 1
Case #627: 23 2 2 3 5 11 1 1 1 1 1 1 1 1 1 1 1 1 1 1 1 1 1 1
Case #628: 16 2 2 2 2 2 3 3 3 3 5 5 5 1 1 1 1
Case #629: 15 2 2 2 2 5 19 1 1 1 1 1 1 1 1 1
Case #630: 41 1 1 1 1 1 1 1 1 1 1 1 1 1 1 1 1 1 1 1 1 1 1 1 1 1 1 1 1 1 1 1 1 1 1 1 1 1 1 1 1 1
Case #631: 14 2 2 2 2 2 5 7 7 7 1 1 1 1 1
Case #632: 17 2 2 2 2 2 2 7 13 1 1 1 1 1 1 1 1 1
Case #633: 18 2 2 2 2 2 3 3 3 3 3 5 5 1 1 1 1 1 1
Case #634: 14 2 2 2 2 2 2 2 3 5 5 5 7 1 1
Case #635: 24 2 2 2 2 2 2 2 3 3 7 1 1 1 1 1 1 1 1 1 1 1 1 1 1
Case #636: -1
Case #637: 19 2 2 2 2 2 2 3 5 5 7 1 1 1 1 1 1 1 1 1
Case #638: -1
Case #639: 20 2 2 2 2 2 2 2 3 5 5 5 1 1 1 1 1 1 1 1 1
Case #640: 18 2 2 2 3 3 5 7 7 1 1 1 1 1 1 1 1 1 1
Case #641: 29 2 2 2 2 2 2 3 3 3 1 1 1 1 1 1 1 1 1 1 1 1 1 1 1 1 1 1 1 1
Case #642: 24 2 2 2 3 3 5 7 1 1 1 1 1 1 1 1 1 1 1 1 1 1 1 1 1
Case #643: 17 2 2 3 3 5 5 5 7 1 1 1 1 1 1 1 1 1
Case #644: -1
Case #645: -1
Case #646: 17 2 2 2 2 2 2 2 2 2 2 2 2 3 5 7 1 1
Case #647: 23 2 2 2 2 2 2 3 5 7 1 1 1 1 1 1 1 1 1 1 1 1 1 1
Case #648: 25 2 2 2 2 2 2 2 2 2 2 2 2 3 3 1 1 1 1 1 1 1 1 1 1 1
Case #649: 17 2 2 3 5 5 7 7 1 1 1 1 1 1 1 1 1 1
Case #650: 18 2 2 2 2 2 3 3 3 3 3 3 3 5 1 1 1 1 1
Case #651: -1
Case #652: 31 2 2 2 2 2 2 2 2 3 1 1 1 1 1 1 1 1 1 1 1 1 1 1 1 1 1 1 1 1 1 1
Case #653: 14 2 2 2 2 2 3 3 3 5 7 7 1 1 1
Case #654: 17 2 2 2 2 2 2 2 2 3 3 5 5 5 1 1 1 1
Case #655: 15 2 2 2 2 2 2 2 2 3 5 5 5 5 1 1
Case #656: 32 2 5 5 1 1 1 1 1 1 1 1 1 1 1 1 1 1 1 1 1 1 1 1 1 1 1 1 1 1 1 1 1
Case #657: 18 2 2 2 2 2 3 3 3 3 3 3 7 1 1 1 1 1 1
Case #658: 29 2 2 2 2 2 2 2 2 3 3 1 1 1 1 1 1 1 1 1 1 1 1 1 1 1 1 1 1 1
Case #659: 11 2 2 3 3 3 5 19 1 1 1 1
Case #660: 22 2 2 2 2 2 2 2 2 2 3 5 5 1 1 1 1 1 1 1 1 1 1
Case #661: 21 2 2 2 2 2 2 2 2 3 3 5 5 1 1 1 1 1 1 1 1 1
Case #662: 18 2 2 2 2 2 2 2 2 2 2 2 3 3 5 5 1 1 1
Case #663: 27 2 2 3 3 5 5 1 1 1 1 1 1 1 1 1 1 1 1 1 1 1 1 1 1 1 1 1
Case #664: 33 2 2 7 1 1 1 1 1 1 1 1 1 1 1 1 1 1 1 1 1 1 1 1 1 1 1 1 1 1 1 1 1 1
Case #665: 14 2 2 2 3 3 3 5 5 11 1 1 1 1 1
Case #666: -1
Case #667: -1
Case #668: 20 2 2 2 3 3 3 3 3 5 5 1 1 1 1 1 1 1 1 1 1
Case #669: 19 23 1 1 1 1 1 1 1 1 1 1 1 1 1 1 1 1 1 1
Case #670: 22 2 2 2 3 3 5 5 5 1 1 1 1 1 1 1 1 1 1 1 1 1 1
Case #671: 21 2 2 2 2 3 3 5 5 5 1 1 1 1 1 1 1 1 1 1 1 1
Case #672: 23 2 2 2 2 2 2 2 2 5 7 1 1 1 1 1 1 1 1 1 1 1 1 1
Case #673: -1
Case #674: 22 2 2 2 2 2 3 7 7 1 1 1 1 1 1 1 1 1 1 1 1 1 1
Case #675: 13 2 2 5 5 7 13 1 1 1 1 1 1 1
Case #676: -1
Case #677: 18 2 2 2 2 2 3 3 3 5 5 5 1 1 1 1 1 1 1
Case #678: 17 2 2 2 2 2 2 3 5 7 7 1 1 1 1 1 1 1
Case #679: 22 2 2 2 5 5 5 5 1 1 1 1 1 1 1 1 1 1 1 1 1 1 1
Case #680: 17 2 2 2 2 2 2 3 3 3 3 3 5 5 1 1 1 1
Case #681: 17 2 2 2 2 2 2 3 3 3 5 5 5 1 1 1 1 1
Case #682: 24 2 3 3 3 5 7 1 1 1 1 1 1 1 1 1 1 1 1 1 1 1 1 1 1
Case #683: 14 2 2 2 3 3 3 3 17 1 1 1 1 1 1
Case #684: 20 2 2 2 2 2 2 2 2 2 3 3 3 3 5 1 1 1 1 1 1
Case #685: 21 2 2 2 2 2 2 2 2 3 5 7 1 1 1 1 1 1 1 1 1 1
Case #686: 13 2 2 2 2 2 2 2 2 3 7 13 1 1
Case #687: 29 7 7 1 1 1 1 1 1 1 1 1 1 1 1 1 1 1 1 1 1 1 1 1 1 1 1 1 1 1
Case #688: 16 2 2 2 2 2 3 3 3 3 3 3 5 5 1 1 1
Case #689: 8 2 2 2 3 13 17 1 1
Case #690: 28 2 2 2 2 2 3 3 5 1 1 1 1 1 1 1 1 1 1 1 1 1 1 1 1 1 1 1 1
Case #691: 6 2 3 5 7 11 13
Case #692: 13 2 2 2 2 3 5 7 13 1 1 1 1 1
Case #693: 22 2 2 2 2 2 2 2 2 2 5 7 1 1 1 1 1 1 1 1 1 1 1
Case #694: 16 2 2 2 2 2 3 3 17 1 1 1 1 1 1 1 1
Case #695: -1
Case #696: 18 2 2 2 2 2 2 2 2 2 3 3 3 3 3 5 1 1 1
Case #697: 15 2 2 2 2 2 2 3 3 5 7 7 1 1 1 1
Case #698: 26 2 2 2 2 2 2 2 2 2 2 2 5 1 1 1 1 1 1 1 1 1 1 1 1 1 1
Case #699: 13 2 2 3 3 5 7 13 1 1 1 1 1 1
Case #700: 25 2 2 2 2 2 2 3 3 3 3 3 1 1 1 1 1 1 1 1 1 1 1 1 1 1
Case #701: 14 2 2 2 2 2 3 3 3 7 11 1 1 1 1
Case #702: 14 2 2 2 2 2 2 2 2 2 3 5 13 1 1
Case #703: 15 2 2 3 3 3 5 5 5 7 1 1 1 1 1 1
Case #704: 8 2 2 2 3 11 19 1 1
Case #705: -1
Case #706: -1
Case #707: -1
Case #708: -1
Case #709: 22 2 2 2 2 2 2 2 2 2 2 2 2 2 7 1 1 1 1 1 1 1 1
Case #710: 25 2 2 3 3 3 3 7 1 1 1 1 1 1 1 1 1 1 1 1 1 1 1 1 1 1
Case #711: 18 2 2 2 2 2 2 2 2 2 3 5 5 5 1 1 1 1 1
Case #712: 18 2 2 2 5 5 13 1 1 1 1 1 1 1 1 1 1 1 1
Case #713: 15 2 2 3 3 3 3 3 3 7 7 1 1 1 1 1
Case #714: 20 2 2 2 2 2 2 2 3 3 11 1 1 1 1 1 1 1 1 1 1
Case #715: 15 2 2 2 2 2 2 2 2 5 5 11 1 1 1 1
Case #716: 18 2 2 2 5 5 7 7 1 1 1 1 1 1 1 1 1 1 1
Case #717: 12 2 2 2 2 2 3 5 7 7 7 1 1
Case #718: 19 2 2 2 2 3 3 3 3 3 5 5 1 1 1 1 1 1 1 1
Case #719: 19 23 1 1 1 1 1 1 1 1 1 1 1 1 1 1 1 1 1 1
Case #720: -1
Case #721: 16 2 2 2 7 7 11 1 1 1 1 1 1 1 1 1 1
Case #722: 22 2 2 2 3 3 3 11 1 1 1 1 1 1 1 1 1 1 1 1 1 1 1
Case #723: -1
Case #724: 19 2 2 2 2 3 3 3 3 3 3 3 3 3 1 1 1 1 1 1
Case #725: 26 2 3 13 1 1 1 1 1 1 1 1 1 1 1 1 1 1 1 1 1 1 1 1 1 1 1
Case #726: -1
Case #727: 19 2 2 3 3 3 3 3 5 7 1 1 1 1 1 1 1 1 1 1
Case #728: 23 2 2 2 2 2 2 2 2 2 2 2 2 3 3 3 1 1 1 1 1 1 1 1
Case #729: 10 2 2 2 3 7 11 11 1 1 1
Case #730: 28 2 2 2 11 1 1 1 1 1 1 1 1 1 1 1 1 1 1 1 1 1 1 1 1 1 1 1 1
Case #731: 20 2 2 2 2 2 2 2 2 2 2 2 2 2 3 3 5 1 1 1 1
Case #732: -1
Case #733: 21 2 2 2 2 2 2 2 2 2 2 2 2 2 2 7 1 1 1 1 1 1
Case #734: 17 2 2 3 3 3 17 1 1 1 1 1 1 1 1 1 1 1
Case #735: 26 2 2 2 2 2 2 2 3 3 5 1 1 1 1 1 1 1 1 1 1 1 1 1 1 1 1
Case #736: 19 2 2 3 3 5 5 5 5 1 1 1 1 1 1 1 1 1 1 1
Case #737: 18 2 2 2 3 3 3 3 3 3 5 5 1 1 1 1 1 1 1
Case #738: 24 2 2 2 2 2 2 2 2 2 3 3 3 3 1 1 1 1 1 1 1 1 1 1 1
Case #739: 16 2 2 2 2 2 3 3 3 5 5 7 1 1 1 1 1
Case #740: 17 2 2 3 3 3 3 3 5 5 5 1 1 1 1 1 1 1
Case #741: 15 2 2 3 3 3 3 5 5 5 5 1 1 1 1 1
Case #742: 16 2 2 2 3 3 3 3 3 7 7 1 1 1 1 1 1
Case #743: -1
Case #744: 19 5 19 1 1 1 1 1 1 1 1 1 1 1 1 1 1 1 1 1
Case #745: -1
Case #746: 22 2 3 3 3 3 3 3 3 5 1 1 1 1 1 1 1 1 1 1 1 1 1
Case #747: 27 2 2 2 2 2 2 3 3 5 1 1 1 1 1 1 1 1 1 1 1 1 1 1 1 1 1 1
Case #748: 24 2 17 1 1 1 1 1 1 1 1 1 1 1 1 1 1 1 1 1 1 1 1 1 1
Case #749: 22 2 2 2 2 2 2 2 3 5 7 1 1 1 1 1 1 1 1 1 1 1 1
Case #750: -1
Case #751: 26 2 2 2 2 2 2 2 3 3 3 3 1 1 1 1 1 1 1 1 1 1 1 1 1 1 1
Case #752: 23 2 2 2 2 2 2 2 2 2 2 2 2 2 2 2 2 3 1 1 1 1 1 1
Case #753: 8 2 2 2 3 29 1 1 1
Case #754: 13 29 1 1 1 1 1 1 1 1 1 1 1 1
Case #755: 24 2 2 2 3 3 3 5 5 1 1 1 1 1 1 1 1 1 1 1 1 1 1 1 1
Case #756: 18 2 2 2 3 3 3 3 5 5 5 1 1 1 1 1 1 1 1
Case #757: 18 2 2 2 2 2 3 3 3 3 5 7 1 1 1 1 1 1 1
Case #758: 16 2 2 2 2 2 2 2 3 3 3 13 1 1 1 1 1
Case #759: 15 2 2 2 2 2 2 3 5 5 11 1 1 1 1 1
Case #760: 13 2 2 3 3 3 3 3 5 13 1 1 1 1
Case #761: 14 2 2 2 3 3 3 3 5 5 5 5 1 1 1
Case #762: 20 2 2 2 2 2 3 3 3 5 7 1 1 1 1 1 1 1 1 1 1
Case #763: 11 2 2 2 2 3 3 23 1 1 1 1
Case #764: 16 2 2 2 2 2 3 3 7 11 1 1 1 1 1 1 1
Case #765: 15 2 2 2 2 3 3 3 3 3 5 5 5 1 1 1
Case #766: 31 2 2 2 2 2 2 3 3 1 1 1 1 1 1 1 1 1 1 1 1 1 1 1 1 1 1 1 1 1 1 1
Case #767: 11 31 1 1 1 1 1 1 1 1 1 1
Case #768: 15 2 2 2 2 5 5 5 5 7 1 1 1 1 1 1
Case #769: 24 2 2 2 2 2 3 3 3 3 3 3 1 1 1 1 1 1 1 1 1 1 1 1 1
Case #770: 38 2 3 1 1 1 1 1 1 1 1 1 1 1 1 1 1 1 1 1 1 1 1 1 1 1 1 1 1 1 1 1 1 1 1 1 1 1 1
Case #771: 17 2 2 2 2 3 3 3 3 7 7 1 1 1 1 1 1 1
Case #772: 20 2 3 5 5 5 7 1 1 1 1 1 1 1 1 1 1 1 1 1 1
Case #773: 13 2 2 2 2 3 3 11 11 1 1 1 1 1
Case #774: 17 2 2 3 3 3 3 5 5 7 1 1 1 1 1 1 1 1
Case #775: -1
Case #776: 16 2 2 2 2 2 3 3 3 3 7 7 1 1 1 1 1
Case #777: 27 2 2 3 3 3 3 5 1 1 1 1 1 1 1 1 1 1 1 1 1 1 1 1 1 1 1 1
Case #778: 16 2 2 2 2 2 3 3 5 7 7 1 1 1 1 1 1
Case #779: 21 2 2 2 2 2 2 2 2 5 5 5 1 1 1 1 1 1 1 1 1 1
Case #780: 20 2 2 2 2 2 2 2 2 2 3 3 3 3 3 3 1 1 1 1 1
Case #781: 26 2 3 3 3 3 7 1 1 1 1 1 1 1 1 1 1 1 1 1 1 1 1 1 1 1 1
Case #782: -1
Case #783: 28 2 7 7 1 1 1 1 1 1 1 1 1 1 1 1 1 1 1 1 1 1 1 1 1 1 1 1 1
Case #784: 34 2 3 3 3 1 1 1 1 1 1 1 1 1 1 1 1 1 1 1 1 1 1 1 1 1 1 1 1 1 1 1 1 1 1
Case #785: 22 2 3 3 3 5 5 5 1 1 1 1 1 1 1 1 1 1 1 1 1 1 1
Case #786: 19 2 2 2 2 2 2 2 2 2 2 3 11 1 1 1 1 1 1 1
Case #787: -1
Case #788: 25 3 3 3 3 3 3 5 1 1 1 1 1 1 1 1 1 1 1 1 1 1 1 1 1 1
Case #789: 25 2 2 3 3 3 3 3 3 3 1 1 1 1 1 1 1 1 1 1 1 1 1 1 1 1
Case #790: 18 2 2 2 2 2 2 2 5 13 1 1 1 1 1 1 1 1 1
Case #791: 21 2 2 2 2 2 2 3 7 7 1 1 1 1 1 1 1 1 1 1 1 1
Case #792: 22 2 2 2 2 2 3 3 3 3 3 3 3 1 1 1 1 1 1 1 1 1 1
Case #793: -1
Case #794: 14 2 2 2 2 2 2 2 3 3 5 13 1 1 1
Case #795: 19 2 2 2 2 2 2 2 2 2 2 2 2 3 3 3 5 1 1 1
Case #796: 17 2 2 2 2 2 2 2 2 2 2 3 3 5 7 1 1 1
Case #797: 13 2 2 3 3 5 7 7 7 1 1 1 1 1
Case #798: 21 2 2 2 2 3 3 3 5 7 1 1 1 1 1 1 1 1 1 1 1 1
Case #799: 25 2 2 3 3 11 1 1 1 1 1 1 1 1 1 1 1 1 1 1 1 1 1 1 1 1
Case #800: -1
Case #801: 16 2 2 2 3 5 7 11 1 1 1 1 1 1 1 1 1
Case #802: 18 2 2 2 2 2 2 2 3 3 3 11 1 1 1 1 1 1 1
Case #803: 16 2 2 2 2 2 2 2 3 3 3 3 5 7 1 1 1
Case #804: 14 2 2 2 2 2 3 3 5 5 5 7 1 1 1
Case #805: 34 2 2 2 3 3 1 1 1 1 1 1 1 1 1 1 1 1 1 1 1 1 1 1 1 1 1 1 1 1 1 1 1 1 1
Case #806: 19 2 2 2 2 2 2 2 2 3 3 3 3 7 1 1 1 1 1 1
Case #807: 21 2 2 2 2 3 3 3 3 5 5 1 1 1 1 1 1 1 1 1 1 1
Case #808: 37 5 1 1 1 1 1 1 1 1 1 1 1 1 1 1 1 1 1 1 1 1 1 1 1 1 1 1 1 1 1 1 1 1 1 1 1 1
Case #809: -1
Case #810: 21 2 2 2 2 5 5 5 5 1 1 1 1 1 1 1 1 1 1 1 1 1
Case #811: -1
Case #812: 13 2 2 3 3 3 3 3 17 1 1 1 1 1
Case #813: 12 2 2 2 3 3 3 5 5 13 1 1 1
Case #814: 21 2 2 2 2 3 5 11 1 1 1 1 1 1 1 1 1 1 1 1 1 1
Case #815: 26 2 2 2 2 2 3 5 5 1 1 1 1 1 1 1 1 1 1 1 1 1 1 1 1 1 1
Case #816: 12 2 2 2 2 2 2 2 3 5 17 1 1
Case #817: 14 2 2 2 2 2 3 3 3 3 5 11 1 1 1
Case #818: -1
Case #819: -1
Case #820: 21 2 2 2 2 2 2 2 2 2 2 2 2 2 2 3 3 3 1 1 1 1
Case #821: 24 2 2 2 3 3 11 1 1 1 1 1 1 1 1 1 1 1 1 1 1 1 1 1 1
Case #822: 26 2 2 2 3 3 3 7 1 1 1 1 1 1 1 1 1 1 1 1 1 1 1 1 1 1 1
Case #823: 15 2 2 2 2 3 5 7 11 1 1 1 1 1 1 1
Case #824: 18 2 2 2 2 2 2 2 2 2 3 3 11 1 1 1 1 1 1
Case #825: 21 2 2 3 3 3 3 5 7 1 1 1 1 1 1 1 1 1 1 1 1 1
Case #826: 15 2 2 2 2 3 3 3 5 7 7 1 1 1 1 1
Case #827: 20 2 2 2 2 2 3 3 3 3 3 3 5 1 1 1 1 1 1 1 1
Case #828: -1
Case #829: 10 2 3 3 3 5 11 11 1 1 1
Case #830: -1
Case #831: 18 2 3 5 7 11 1 1 1 1 1 1 1 1 1 1 1 1 1
Case #832: 35 2 2 5 1 1 1 1 1 1 1 1 1 1 1 1 1 1 1 1 1 1 1 1 1 1 1 1 1 1 1 1 1 1 1 1
Case #833: 23 2 2 3 3 7 7 1 1 1 1 1 1 1 1 1 1 1 1 1 1 1 1 1
Case #834: 17 2 2 3 3 5 5 11 1 1 1 1 1 1 1 1 1 1
Case #835: -1
Case #836: 30 2 2 2 2 2 2 2 5 1 1 1 1 1 1 1 1 1 1 1 1 1 1 1 1 1 1 1 1 1 1
Case #837: 22 2 2 2 2 2 2 2 2 2 3 3 3 5 1 1 1 1 1 1 1 1 1
Case #838: 26 2 3 3 3 3 3 3 3 1 1 1 1 1 1 1 1 1 1 1 1 1 1 1 1 1 1
Case #839: 22 2 2 2 3 3 3 3 3 3 5 1 1 1 1 1 1 1 1 1 1 1 1
Case #840: 25 2 2 2 2 2 2 3 5 5 1 1 1 1 1 1 1 1 1 1 1 1 1 1 1 1
Case #841: -1
Case #842: 22 2 2 2 2 2 2 2 3 3 3 7 1 1 1 1 1 1 1 1 1 1 1
Case #843: 40 2 1 1 1 1 1 1 1 1 1 1 1 1 1 1 1 1 1 1 1 1 1 1 1 1 1 1 1 1 1 1 1 1 1 1 1 1 1 1 1
Case #844: 23 2 2 3 3 3 3 3 7 1 1 1 1 1 1 1 1 1 1 1 1 1 1 1
Case #845: 14 2 2 2 3 3 5 5 13 1 1 1 1 1 1
Case #846: 15 2 2 2 2 3 3 3 5 13 1 1 1 1 1 1
Case #847: 7 17 19 1 1 1 1 1
Case #848: 32 2 2 2 2 2 5 1 1 1 1 1 1 1 1 1 1 1 1 1 1 1 1 1 1 1 1 1 1 1 1 1 1
Case #849: 17 2 2 7 7 11 1 1 1 1 1 1 1 1 1 1 1 1
Case #850: 17 2 2 2 2 3 5 5 5 7 1 1 1 1 1 1 1 1
Case #851: 19 2 2 2 2 3 3 3 5 5 5 1 1 1 1 1 1 1 1 1
Case #852: -1
Case #853: 19 2 2 2 2 3 3 5 5 7 1 1 1 1 1 1 1 1 1 1
Case #854: 13 2 2 2 2 2 2 5 7 13 1 1 1 1
Case #855: 3 11 13 17
Case #856: 15 2 2 2 2 2 2 2 2 3 17 1 1 1 1 1
Case #857: 24 2 2 2 2 2 2 2 2 2 2 2 3 5 1 1 1 1 1 1 1 1 1 1 1
Case #858: 17 2 2 2 2 2 2 7 7 7 1 1 1 1 1 1 1 1
Case #859: 23 3 3 3 7 7 1 1 1 1 1 1 1 1 1 1 1 1 1 1 1 1 1 1
Case #860: 24 2 2 2 2 2 2 2 2 2 2 2 2 2 3 3 1 1 1 1 1 1 1 1 1
Case #861: 18 2 3 3 5 5 5 7 1 1 1 1 1 1 1 1 1 1 1
Case #862: 17 2 2 3 5 7 11 1 1 1 1 1 1 1 1 1 1 1
Case #863: -1
Case #864: 18 2 2 2 2 2 2 2 2 2 5 5 7 1 1 1 1 1 1
Case #865: 25 2 2 2 2 3 3 5 5 1 1 1 1 1 1 1 1 1 1 1 1 1 1 1 1 1
Case #866: 26 2 2 2 2 2 2 2 3 7 1 1 1 1 1 1 1 1 1 1 1 1 1 1 1 1 1
Case #867: 19 2 2 2 2 2 2 2 2 2 2 3 5 7 1 1 1 1 1 1
Case #868: -1
Case #869: 35 3 5 1 1 1 1 1 1 1 1 1 1 1 1 1 1 1 1 1 1 1 1 1 1 1 1 1 1 1 1 1 1 1 1 1
Case #870: 18 2 2 2 2 2 3 7 11 1 1 1 1 1 1 1 1 1 1
Case #871: 15 2 2 2 2 7 7 11 1 1 1 1 1 1 1 1
Case #872: -1
Case #873: -1
Case #874: -1
Case #875: 24 2 2 2 2 2 2 2 2 2 3 7 1 1 1 1 1 1 1 1 1 1 1 1 1
Case #876: 16 2 3 3 3 7 13 1 1 1 1 1 1 1 1 1 1
Case #877: 13 2 2 2 2 2 2 3 11 11 1 1 1 1
Case #878: 13 2 2 3 3 3 5 5 7 7 1 1 1 1
Case #879: 24 2 2 2 2 2 3 5 7 1 1 1 1 1 1 1 1 1 1 1 1 1 1 1 1
Case #880: 16 2 2 2 3 3 3 3 3 3 11 1 1 1 1 1 1
Case #881: 17 2 2 2 2 3 3 3 3 3 5 7 1 1 1 1 1 1
Case #882: 19 2 2 2 2 2 2 2 2 3 5 5 5 1 1 1 1 1 1 1
Case #883: 13 5 7 19 1 1 1 1 1 1 1 1 1 1
Case #884: 31 3 5 5 1 1 1 1 1 1 1 1 1 1 1 1 1 1 1 1 1 1 1 1 1 1 1 1 1 1 1 1
Case #885: 11 2 2 2 2 3 7 7 7 7 1 1
Case #886: 23 2 2 2 2 3 7 7 1 1 1 1 1 1 1 1 1 1 1 1 1 1 1 1
Case #887: 21 2 2 2 2 2 2 2 2 2 2 2 2 2 2 2 2 2 2 2 2 1
Case #888: 11 2 2 2 2 2 2 3 11 13 1 1
Case #889: 22 2 2 2 2 2 2 2 2 2 2 2 3 3 5 1 1 1 1 1 1 1 1
Case #890: 32 2 3 7 1 1 1 1 1 1 1 1 1 1 1 1 1 1 1 1 1 1 1 1 1 1 1 1 1 1 1 1 1
Case #891: 21 2 2 2 2 2 2 2 2 2 2 2 2 2 2 3 5 1 1 1 1 1
Case #892: 21 3 3 5 5 5 5 1 1 1 1 1 1 1 1 1 1 1 1 1 1 1
Case #893: 17 2 2 2 2 3 7 7 7 1 1 1 1 1 1 1 1 1
Case #894: 12 2 3 3 3 5 5 5 5 7 1 1 1
Case #895: 24 2 3 3 3 3 5 5 1 1 1 1 1 1 1 1 1 1 1 1 1 1 1 1 1
Case #896: 27 5 11 1 1 1 1 1 1 1 1 1 1 1 1 1 1 1 1 1 1 1 1 1 1 1 1 1
Case #897: 20 2 2 2 2 2 3 3 3 11 1 1 1 1 1 1 1 1 1 1 1
Case #898: 15 2 2 2 2 3 3 7 7 7 1 1 1 1 1 1
Case #899: 18 2 2 2 3 3 3 3 3 3 3 3 5 1 1 1 1 1 1
Case #900: 39 2 2 1 1 1 1 1 1 1 1 1 1 1 1 1 1 1 1 1 1 1 1 1 1 1 1 1 1 1 1 1 1 1 1 1 1 1 1 1
Case #901: 12 2 2 2 2 2 3 3 11 11 1 1 1
Case #902: 15 2 2 2 2 2 2 2 2 3 7 11 1 1 1 1
Case #903: 23 2 2 2 2 2 2 3 3 3 7 1 1 1 1 1 1 1 1 1 1 1 1 1
Case #904: 3 3 37 1
Case #905: 22 2 2 2 2 2 5 5 7 1 1 1 1 1 1 1 1 1 1 1 1 1 1
Case #906: 23 2 2 2 2 3 3 5 7 1 1 1 1 1 1 1 1 1 1 1 1 1 1 1
Case #907: 13 7 11 13 1 1 1 1 1 1 1 1 1 1
Case #908: 28 2 2 2 2 2 3 3 3 3 1 1 1 1 1 1 1 1 1 1 1 1 1 1 1 1 1 1 1
Case #909: -1
Case #910: -1
Case #911: 22 2 19 1 1 1 1 1 1 1 1 1 1 1 1 1 1 1 1 1 1 1 1
Case #912: 21 2 2 2 2 2 2 3 3 3 3 3 5 1 1 1 1 1 1 1 1 1
Case #913: -1
Case #914: 10 2 3 3 5 7 7 11 1 1 1
Case #915: 32 2 2 2 3 5 1 1 1 1 1 1 1 1 1 1 1 1 1 1 1 1 1 1 1 1 1 1 1 1 1 1 1
Case #916: -1
Case #917: -1
Case #918: 20 2 2 2 2 2 2 2 2 2 3 3 3 7 1 1 1 1 1 1 1
Case #919: 16 2 2 2 3 3 7 7 7 1 1 1 1 1 1 1 1
Case #920: -1
Case #921: 28 2 2 2 2 2 2 2 3 3 3 1 1 1 1 1 1 1 1 1 1 1 1 1 1 1 1 1 1
Case #922: 31 3 3 3 5 1 1 1 1 1 1 1 1 1 1 1 1 1 1 1 1 1 1 1 1 1 1 1 1 1 1 1
Case #923: -1
Case #924: 23 2 2 2 2 2 2 2 2 3 3 7 1 1 1 1 1 1 1 1 1 1 1 1
Case #925: 15 2 2 3 3 5 7 11 1 1 1 1 1 1 1 1
Case #926: 21 2 2 2 2 2 2 3 3 3 5 5 1 1 1 1 1 1 1 1 1 1
Case #927: 23 2 2 2 2 2 2 2 2 2 2 3 7 1 1 1 1 1 1 1 1 1 1 1
Case #928: 22 2 2 2 3 5 5 7 1 1 1 1 1 1 1 1 1 1 1 1 1 1 1
Case #929: 20 2 2 2 2 2 2 2 3 3 3 3 3 3 3 1 1 1 1 1 1
Case #930: 21 11 11 1 1 1 1 1 1 1 1 1 1 1 1 1 1 1 1 1 1 1
Case #931: 22 2 2 2 2 2 2 2 2 2 3 3 3 3 3 1 1 1 1 1 1 1 1
Case #932: 20 2 3 3 7 11 1 1 1 1 1 1 1 1 1 1 1 1 1 1 1
Case #933: 32 2 2 2 3 3 3 1 1 1 1 1 1 1 1 1 1 1 1 1 1 1 1 1 1 1 1 1 1 1 1 1 1
Case #934: 35 2 2 2 2 2 2 1 1 1 1 1 1 1 1 1 1 1 1 1 1 1 1 1 1 1 1 1 1 1 1 1 1 1 1 1
Case #935: 16 2 2 2 2 2 2 2 3 3 5 11 1 1 1 1 1
Case #936: 33 5 5 1 1 1 1 1 1 1 1 1 1 1 1 1 1 1 1 1 1 1 1 1 1 1 1 1 1 1 1 1 1 1
Case #937: 29 2 2 3 5 5 1 1 1 1 1 1 1 1 1 1 1 1 1 1 1 1 1 1 1 1 1 1 1 1
Case #938: -1
Case #939: -1
Case #940: 20 2 3 3 3 5 5 7 1 1 1 1 1 1 1 1 1 1 1 1 1
Case #941: -1
Case #942: -1
Case #943: 14 2 2 2 3 3 3 7 13 1 1 1 1 1 1
Case #944: 28 2 3 3 3 3 5 1 1 1 1 1 1 1 1 1 1 1 1 1 1 1 1 1 1 1 1 1 1
Case #945: 21 2 2 2 2 3 3 3 3 3 3 5 1 1 1 1 1 1 1 1 1 1
Case #946: 16 2 3 3 3 3 3 5 5 7 1 1 1 1 1 1 1
Case #947: 28 2 2 2 2 2 3 7 1 1 1 1 1 1 1 1 1 1 1 1 1 1 1 1 1 1 1 1 1
Case #948: 31 5 7 1 1 1 1 1 1 1 1 1 1 1 1 1 1 1 1 1 1 1 1 1 1 1 1 1 1 1 1 1
Case #949: 16 2 3 3 5 7 11 1 1 1 1 1 1 1 1 1 1
Case #950: 34 2 2 2 5 1 1 1 1 1 1 1 1 1 1 1 1 1 1 1 1 1 1 1 1 1 1 1 1 1 1 1 1 1 1
Case #951: 31 11 1 1 1 1 1 1 1 1 1 1 1 1 1 1 1 1 1 1 1 1 1 1 1 1 1 1 1 1 1 1
Case #952: 18 2 2 2 2 2 2 2 3 3 5 5 5 1 1 1 1 1 1
Case #953: 23 2 2 2 2 2 2 2 2 3 3 3 5 1 1 1 1 1 1 1 1 1 1 1
Case #954: 21 2 2 3 3 3 3 11 1 1 1 1 1 1 1 1 1 1 1 1 1 1
Case #955: -1
Case #956: 22 2 2 2 2 2 2 2 3 3 3 3 5 1 1 1 1 1 1 1 1 1 1
Case #957: 14 2 3 3 3 3 5 5 11 1 1 1 1 1 1
Case #958: -1
Case #959: 13 2 2 2 2 3 3 5 5 7 7 1 1 1
Case #960: 22 2 2 2 2 2 2 2 2 2 2 2 2 2 2 2 3 3 1 1 1 1 1
Case #961: 18 2 2 2 2 2 2 2 2 2 2 2 3 5 7 1 1 1 1
Case #962: 10 2 3 3 3 5 5 17 1 1 1
Case #963: -1
Case #964: 26 2 2 2 3 3 5 5 1 1 1 1 1 1 1 1 1 1 1 1 1 1 1 1 1 1 1
Case #965: 20 2 2 2 5 5 11 1 1 1 1 1 1 1 1 1 1 1 1 1 1
