960
29120
7389
15876
47958485
85881
99
67584
1323
12870
42000
2640
460800
954158175
967669583
16224
64152
300
5760
23400
270000
78000
122877509
83160
6400
29250
48600
20
69888
76800
1944
5657
16464
17550
2070
5808
70
3120
84579
53760
60
3564
4158
2730
3000
22500
98304
14688
1386
125
59136
11264
8316
91857
311040
480000
9600
145800
59
57344
4752
322081025
501
36283838
36
768
2940
84240
8347
58
28672
123
1134
11664
127008
87480
236250
47473
969
9
10260
510205
6552
32640
1960
97
20592
39600
1520
524288
176400
27216
3371
9450
2618049
33
301056
1000000000
29952
85
46464
986129769
15390
6600
27000
3696
904152917
8400
926315427
300000
1836
999999937
1001
105840
3510
24576
18240
31200
504
13440
78
45000
8100
276480
34944
80949857
362880
964532929
27184698
32076
56160
1890
11
81000
15400
4000
474
938017885
27720
625433749
8748
8772
82
1600
368640
28512
80
3168
9489
230400
7128
281
157464
43680
168960
5376
132300
8372259
540
134400
56448
3264
47040
54600
622080
5601
4680
12288
162000
38400
58054077
916855204
559
54432
5400
49000
48238
7680
7938
30030
84480
420
74088
641
16000
2100
225792
69120
82268566
33108
414720
7392
29484
4788
125440
105000
673921
49896
53940
19800
10560
3528
67
4914
84000
787320
63000
80640
102
54
11085765
2880
19440
4896
192000
12096
235200
120000
98415
64
18000
70000
999999998
7776
58800
360000
48384
26880
55
17640
3312
241920
151200
61740
69
10800
75
6840
4943
50
116640
30
13230
14336
9827
48510
7897861
746803744
9000
9180
201600
1512
89600
2592
14560
655360
1260
349920
168000
40320
48
813
92317161
39936
14112
6804
196830
22950
67200
4608
8660
115248
91
73728
160
67500
129024
96228
24192
1615
50544
46080
32400
51
75264
103680
194400
24000
65536
100696425
491520
576
52800
15
33792
31590
11340
2906162
12000
33696
68040
99000
40824
25600
20480
805306368
60000
26460
22464
18432
20160
52
28
192
215040
32670
6541551
23328
324000
8640
1530
949106497
282791
204120
4655
21870
128
44
346742385
116
200000
362
41580
17136
546750
108
14700
12960
79
100800
1
6075
94770
55296
2600
46
8064
448
73
124416
214573
1008
391
281250
21384
21383
99840
110250
466560
131220
49
115200
25002
252000
86
519
430080
5016
94500
31104
5280
7056
30720
2097152
96
7
5000
131
105
518400
640
25490988
216
4539685
21
66
207360
21840
4173641
32
30240
6930
202500
163296
688978813
184320
63360
8015864
1001604
102060
120
165888
50688
69984
31752
999999999
226151256
13500
4
7040
633
3960
1100
136080
10368
180000
112896
32768
226800
9504
95040
2720
468
28000
306180
21168
45360
9800
13122
5346
2268
150000
957262828
2736
7455307
5120
110
22680
4536
473
900360029
340200
2340
150528
2156
700
23
16
259200
912
37
2304
72000
9100
92400
567
15840
6300
864
63
589833267
2707
86400
211680
697106497
302400
44800
15288
38
10000
209952
85050
139968
6750
57
6480
40960
145152
583200
27456
170
74
66528
405000
19200
17280
998244353
9216
135
288000
186624
64800
987
5044
12800
42120
56
63504
103
6765
93312
48000
117
725573
8424
87
84
43740
216000
472392
12544
31680
2688
245760
11016
314928
4032
5600
112
92160
179200
189
307200
2025
109
7200
1848
194241
2200
388800
14
1632
998506315
7560
96768
38497
107
18720
110592
23760
5040
12768
49152
20736
5
25200
4733
17
70200
37440
24480
459270
198450
118800
217728
95256
345600
104
7390
989447237
18816
6037
32805
65
32000
28080
3645
256000
98
621008
101250
97200
71805
323
9425
8550
8087519
432255
9240
15680
35100
6
4160
50400
193536
1680
15750
409342369
233280
18
67893369
1249
457481
101
288
327680
11000
16320
33750
1500
8624
364500
72900
257
1000000
3600
111
3864
2520
9900
42768
375000
108000
262440
131980
9408
2352
57024
33401221
16380
43
4312
16800
441
89
8826131
2250
5824
934
81920
32256
2403381
52488
294912
8
816
3240
8320
5073
13860
70560
24696
53
36864
78750
17424
396
118263990
6000
29700
10710
3509575
3072
142560
89100
141120
4488
126
900
4200
21952
23232
1817
6720
630
4320
42755209
8960
86016
971866761
336000
524880
10080
34020
9409159
172032
29400
393216
85536
8000
4480
72576
81
24
1728
15552
587234
79200
17920
54880
119
94080
11232
2560
331776
1904
44550
16200
62208
12348
2
3375
28800
170100
3456
2000
660
129
57600
10752
70400
23100
155520
782
322560
243000
4725
393660
123480
72
1056
66150
30973
35640
486000
63180
35503
128000
106
164640
51840
127
82944
16524
14040
38016
34111
24750
60480
81648
786432
18480
121
33600
5616
12150
76032
196608
76
646
64922375
20328
5721
107520
983900459
12240
31
112000
8208
22176
961175759
88
37800
169344
181440
174960
115
5250
20000
56700
144000
395
10240
482421315
8250
408240
13
361
50000
126720
52920
5940
42
108864
47
1440
49500
21600
5200
1584
3157819
1800
3024
15120
74880
163840
47628
35280
161280
5297
373248
810
7025
2376
1620
77
10
21000
552960
58320
2400
8976
104976
268800
12672
442368
3360
517759
2016
1215
476014
699840
3
1920
62
536870912
3900
57624
1764
24300
77760
1701
71
4374
29160
147456
49392
70235461
19008
51030
2310
45
29
224
614400
546
49280
248832
22848
696
182250
13056
42105
7920
4800
92
792
4560
94
122880
38880
1671
6399199
23040
5184
193
922505446
61440
34
5625
26
4620
90720
8448
118272
2160
17820
93
64512
95
5304
7296
34300
25
105600
90
3584
34848
1741
65610
4050
22
129600
1824
981028563
994617
133650
75600
114688
10500
71280
122
68
85712697
221184
7500
180
665
59400
7785
291600
13824
142884
34560
13680
132000
5520
244944
61966
16128
653477439
43200
21504
432000
279936
2431
240000
4704
153600
118
14400
5767201
124
49920
64680
88704
113
4675
19656
41472
7290
138240
672
35
135000
40
41600
96000
3780
40950
54000
42336
4410
25920
44928
23115571
31500
1048576
2430
79548
83
