Case #1: 5 5 7 8 8 13
Case #2: -1
Case #3: 5 2 7 9 9 14
Case #4: -1
Case #5: -1
Case #6: 7 1 1 1 1 1 3 33
Case #7: 6 4 4 6 8 8 11
Case #8: 3 7 7 27
Case #9: 6 1 2 5 9 11 13
Case #10: 6 2 5 5 7 10 12
Case #11: 4 2 5 12 22
Case #12: 9 2 3 4 4 4 5 5 6 8
Case #13: -1
Case #14: -1
Case #15: 5 3 4 8 13 13
Case #16: 6 3 6 6 6 9 11
Case #17: 3 1 10 30
Case #18: 4 3 10 12 16
Case #19: 5 4 5 9 10 13
Case #20: 8 2 4 5 5 5 5 6 9
Case #21: 7 2 3 5 5 5 8 13
Case #22: -1
Case #23: 6 5 6 6 6 7 11
Case #24: 4 5 8 8 20
Case #25: 8 1 1 2 5 5 5 9 13
Case #26: 6 2 5 6 9 9 10
Case #27: 22 1 1 1 1 1 1 1 1 1 1 1 1 1 1 1 1 1 1 1 1 1 20
Case #28: 7 2 3 4 4 7 8 13
Case #29: 6 4 5 6 8 8 10
Case #30: 4 2 3 18 18
Case #31: -1
Case #32: 6 1 3 7 7 7 16
Case #33: 6 1 3 5 9 10 13
Case #34: 6 1 1 2 5 9 23
Case #35: 4 3 11 11 16
Case #36: 6 1 1 1 1 2 35
Case #37: 4 2 6 13 20
Case #38: -1
Case #39: 6 2 6 7 8 8 10
Case #40: 11 1 1 1 1 1 1 1 1 1 2 30
Case #41: 5 1 2 9 11 18
Case #42: 4 3 6 11 21
Case #43: 4 2 5 13 21
Case #44: 4 3 5 8 25
Case #45: 5 5 5 6 10 15
Case #46: 7 2 3 4 8 8 8 8
Case #47: 5 3 4 8 9 17
Case #48: 6 1 1 1 6 11 21
Case #49: 13 1 1 1 1 1 1 1 1 1 1 1 5 25
Case #50: 6 3 4 7 8 8 11
Case #51: 5 2 4 8 11 16
Case #52: 5 1 6 9 11 14
Case #53: -1
Case #54: 8 2 4 5 6 6 6 6 6
Case #55: 9 2 3 4 4 5 5 5 5 8
Case #56: 4 8 8 10 15
Case #57: 7 3 4 5 5 6 9 9
Case #58: -1
Case #59: 6 2 7 8 8 8 8
Case #60: 4 4 6 9 22
Case #61: -1
Case #62: -1
Case #63: -1
Case #64: 6 1 1 1 1 1 36
Case #65: 4 2 3 4 32
Case #66: 5 1 2 7 10 21
Case #67: 7 2 3 5 6 6 6 13
Case #68: -1
Case #69: 12 1 1 1 1 1 1 1 1 1 1 2 29
Case #70: 6 2 4 4 7 8 16
Case #71: -1
Case #72: 4 1 6 7 27
Case #73: 5 2 6 6 9 18
Case #74: 7 2 4 6 6 7 7 9
Case #75: 6 5 6 6 6 9 9
Case #76: 8 2 3 5 5 5 5 7 9
Case #77: -1
Case #78: 5 1 1 3 17 19
Case #79: 33 1 1 1 1 1 1 1 1 1 1 1 1 1 1 1 1 1 1 1 1 1 1 1 1 1 1 1 1 1 1 1 1 9
Case #80: 5 2 5 6 9 19
Case #81: -1
Case #82: 5 1 4 9 13 14
Case #83: 6 3 4 4 5 8 17
Case #84: 3 7 14 20
Case #85: -1
Case #86: 5 3 6 8 11 13
Case #87: 6 2 4 5 9 10 11
Case #88: 4 1 5 16 19
Case #89: 10 1 4 4 4 4 4 4 4 4 8
Case #90: 7 3 5 5 6 7 7 8
Case #91: 5 4 7 9 9 12
Case #92: -1
Case #93: 4 7 9 10 15
Case #94: -1
Case #95: 9 1 1 1 1 1 1 1 1 33
Case #96: 8 3 4 4 4 4 7 7 8
Case #97: -1
Case #98: 5 6 6 8 8 13
Case #99: 21 1 1 1 1 1 1 1 1 1 1 1 1 1 1 1 1 1 1 1 5 17
Case #100: 6 3 4 4 8 11 11
Case #101: -1
Case #102: 6 2 3 3 5 9 19
Case #103: 5 1 4 10 11 15
Case #104: 5 5 5 9 10 12
Case #105: 5 1 4 4 11 21
Case #106: -1
Case #107: 4 5 10 12 14
Case #108: -1
Case #109: 8 2 5 5 5 5 5 6 8
Case #110: 3 6 17 18
Case #111: -1
Case #112: 13 1 1 1 1 1 1 1 1 1 1 7 11 13
Case #113: 7 2 3 5 7 7 8 9
Case #114: 6 1 1 2 9 13 15
Case #115: 6 1 4 8 8 8 12
Case #116: 6 2 3 4 5 8 19
Case #117: 6 2 3 5 8 10 13
Case #118: 5 1 1 2 9 28
Case #119: 5 2 5 8 12 14
Case #120: 2 2 39
Case #121: 6 2 5 5 9 10 10
Case #122: 4 5 9 12 15
Case #123: 8 2 4 4 5 6 6 6 8
Case #124: 6 2 3 7 8 8 13
Case #125: -1
Case #126: 8 3 4 4 5 6 6 6 7
Case #127: -1
Case #128: -1
Case #129: 5 6 6 9 9 11
Case #130: 6 3 5 6 6 8 13
Case #131: 4 1 7 15 18
Case #132: 31 1 1 1 1 1 1 1 1 1 1 1 1 1 1 1 1 1 1 1 1 1 1 1 1 1 1 1 1 1 1 11
Case #133: 6 5 5 5 8 9 9
Case #134: 6 1 2 7 10 10 11
Case #135: 6 1 1 4 5 10 20
Case #136: -1
Case #137: -1
Case #138: 5 4 7 9 10 11
Case #139: -1
Case #140: 5 2 3 9 9 18
Case #141: -1
Case #142: -1
Case #143: 3 5 16 20
Case #144: 8 4 4 4 4 5 6 6 8
Case #145: 5 4 8 9 9 11
Case #146: 19 1 1 1 1 1 1 1 1 1 1 1 1 1 1 1 1 1 4 20
Case #147: 4 2 8 9 22
Case #148: -1
Case #149: 8 2 3 4 5 5 6 8 8
Case #150: 4 6 6 11 18
Case #151: -1
Case #152: 8 2 3 3 3 6 6 9 9
Case #153: 6 2 5 6 7 8 13
Case #154: 8 2 3 4 4 4 5 8 11
Case #155: 4 3 8 14 16
Case #156: 7 2 5 5 6 7 7 9
Case #157: -1
Case #158: 3 2 9 30
Case #159: 7 2 5 5 6 7 8 8
Case #160: 6 2 7 7 8 8 9
Case #161: 4 2 6 16 17
Case #162: 6 2 5 7 7 8 12
Case #163: 6 3 5 5 7 8 13
Case #164: 9 3 3 4 4 4 5 6 6 6
Case #165: -1
Case #166: 5 1 4 5 13 18
Case #167: 6 1 2 6 8 8 16
Case #168: 7 3 5 5 5 6 8 9
Case #169: 6 2 3 8 8 10 10
Case #170: -1
Case #171: -1
Case #172: -1
Case #173: 6 2 6 7 8 9 9
Case #174: 4 3 8 15 15
Case #175: 6 2 5 7 7 10 10
Case #176: -1
Case #177: 4 5 8 12 16
Case #178: 4 7 7 9 18
Case #179: 6 2 3 5 7 11 13
Case #180: 7 2 3 4 5 8 8 11
Case #181: 2 20 21
Case #182: 6 3 7 7 7 8 9
Case #183: -1
Case #184: 6 1 2 8 10 10 10
Case #185: 3 10 10 21
Case #186: 8 2 3 4 4 6 7 7 8
Case #187: 6 3 5 8 8 8 9
Case #188: -1
Case #189: -1
Case #190: 8 4 4 4 5 6 6 6 6
Case #191: 4 4 11 12 14
Case #192: 5 6 6 7 9 13
Case #193: 4 3 7 12 19
Case #194: 7 2 4 5 7 7 8 8
Case #195: 7 2 5 5 5 5 7 12
Case #196: -1
Case #197: 6 2 6 6 7 9 11
Case #198: -1
Case #199: 5 3 5 10 11 12
Case #200: 4 8 10 11 12
Case #201: 4 2 7 14 18
Case #202: -1
Case #203: 4 3 7 13 18
Case #204: 6 5 5 6 7 8 10
Case #205: 10 3 3 3 3 3 3 5 6 6 6
Case #206: 6 3 5 6 7 10 10
Case #207: 6 4 5 7 8 8 9
Case #208: 6 1 1 1 1 3 34
Case #209: 14 1 1 1 1 1 1 1 1 1 1 1 1 2 27
Case #210: -1
Case #211: 4 2 5 16 18
Case #212: 5 3 5 9 12 12
Case #213: 5 1 3 8 12 17
Case #214: 7 4 5 5 5 6 8 8
Case #215: 5 2 4 9 12 14
Case #216: 8 2 3 4 5 5 7 7 8
Case #217: 7 2 5 5 5 6 8 10
Case #218: 7 3 3 3 5 9 9 9
Case #219: 9 1 1 1 1 1 1 1 2 32
Case #220: 5 2 9 10 10 10
Case #221: 6 4 5 5 7 10 10
Case #222: -1
Case #223: 4 6 8 9 18
Case #224: 6 3 4 7 7 10 10
Case #225: 8 3 4 5 5 5 5 6 8
Case #226: 6 2 6 6 7 8 12
Case #227: 5 4 7 8 10 12
Case #228: 27 1 1 1 1 1 1 1 1 1 1 1 1 1 1 1 1 1 1 1 1 1 1 1 1 1 5 11
Case #229: 5 3 5 7 12 14
Case #230: 5 1 3 6 8 23
Case #231: 8 2 3 4 5 6 6 7 8
Case #232: 7 3 4 5 5 7 8 9
Case #233: 6 3 5 7 7 7 12
Case #234: 17 1 1 1 1 1 1 1 1 1 1 1 1 1 1 1 3 23
Case #235: 4 9 10 10 12
Case #236: 15 1 1 1 1 1 1 1 1 1 1 1 1 1 3 25
Case #237: 4 5 8 9 19
Case #238: -1
Case #239: 16 1 1 1 1 1 1 1 1 1 1 1 1 1 1 2 25
Case #240: 7 2 4 5 6 6 9 9
Case #241: 12 1 1 1 1 1 1 1 1 1 1 1 30
Case #242: 6 1 2 7 7 9 15
Case #243: 5 2 7 8 8 16
Case #244: -1
Case #245: 6 2 5 7 7 9 11
Case #246: -1
Case #247: -1
Case #248: 4 6 10 10 15
Case #249: 5 2 3 9 10 17
Case #250: 7 4 5 5 6 6 7 8
Case #251: 4 1 7 9 24
Case #252: 6 5 5 7 8 8 8
Case #253: 4 2 6 9 24
Case #254: 6 1 2 7 8 10 13
Case #255: 9 4 4 4 4 4 4 4 5 8
Case #256: 4 1 4 15 21
Case #257: 8 3 3 5 6 6 6 6 6
Case #258: 7 3 5 5 5 7 8 8
Case #259: 6 2 4 6 7 10 12
Case #260: 17 1 1 1 1 1 1 1 1 1 1 1 1 1 1 1 2 24
Case #261: -1
Case #262: -1
Case #263: 6 2 4 6 8 8 13
Case #264: 5 2 6 7 12 14
Case #265: 5 1 6 7 9 18
Case #266: 8 3 3 3 3 5 6 9 9
Case #267: 6 2 3 5 5 9 17
Case #268: 6 3 5 7 8 8 10
Case #269: 4 3 6 16 16
Case #270: -1
Case #271: 7 2 3 7 7 7 7 8
Case #272: 23 1 1 1 1 1 1 1 1 1 1 1 1 1 1 1 1 1 1 1 1 1 7 13
Case #273: 6 3 6 8 8 8 8
Case #274: 6 1 1 1 1 5 32
Case #275: 6 5 5 5 5 9 12
Case #276: 7 2 4 6 6 7 8 8
Case #277: 7 3 3 3 6 6 9 11
Case #278: 5 4 6 7 12 12
Case #279: 3 5 17 19
Case #280: 6 3 4 6 6 9 13
Case #281: 6 2 4 8 8 9 10
Case #282: 5 5 8 9 9 10
Case #283: 23 1 1 1 1 1 1 1 1 1 1 1 1 1 1 1 1 1 1 1 1 1 3 17
Case #284: 6 3 7 7 8 8 8
Case #285: 7 2 3 5 6 8 8 9
Case #286: 7 4 5 5 6 6 6 9
Case #287: 5 3 8 10 10 10
Case #288: 7 1 4 4 8 8 8 8
Case #289: -1
Case #290: 9 2 4 4 4 4 4 5 6 8
Case #291: 3 3 6 32
Case #292: 6 3 4 5 8 10 11
Case #293: 27 1 1 1 1 1 1 1 1 1 1 1 1 1 1 1 1 1 1 1 1 1 1 1 1 1 1 15
Case #294: 5 6 8 8 8 11
Case #295: 6 2 3 5 9 9 13
Case #296: 5 3 3 6 14 15
Case #297: -1
Case #298: 5 2 4 10 10 15
Case #299: 6 2 3 6 8 9 13
Case #300: 6 3 5 7 8 9 9
Case #301: 7 2 4 5 5 5 9 11
Case #302: 6 3 3 6 6 9 14
Case #303: 6 1 4 8 8 10 10
Case #304: 5 4 5 8 8 16
Case #305: -1
Case #306: 6 3 5 5 8 10 10
Case #307: 5 5 6 7 9 14
Case #308: 5 3 8 8 9 13
Case #309: 5 3 6 8 8 16
Case #310: 5 3 6 8 10 14
Case #311: 15 1 1 1 1 1 1 1 1 1 1 1 1 1 2 26
Case #312: 14 1 1 1 1 1 1 1 1 1 1 1 1 1 28
Case #313: 5 1 1 1 6 32
Case #314: 8 2 3 4 4 5 7 8 8
Case #315: 6 2 3 5 9 11 11
Case #316: -1
Case #317: 5 3 8 9 9 12
Case #318: 8 2 5 5 5 6 6 6 6
Case #319: 4 5 12 12 12
Case #320: 4 1 5 17 18
Case #321: -1
Case #322: -1
Case #323: 8 2 3 3 5 6 6 7 9
Case #324: 7 1 1 1 5 7 7 19
Case #325: 6 1 3 9 9 9 10
Case #326: 7 1 1 1 1 1 4 32
Case #327: 19 1 1 1 1 1 1 1 1 1 1 1 1 1 1 1 1 1 2 22
Case #328: -1
Case #329: 10 1 1 1 1 1 1 1 1 4 29
Case #330: 7 5 5 5 5 5 8 8
Case #331: -1
Case #332: 6 3 3 5 7 11 12
Case #333: 5 3 6 7 8 17
Case #334: 10 2 3 3 3 3 3 5 5 5 9
Case #335: 4 1 1 3 36
Case #336: 5 3 5 5 14 14
Case #337: 5 2 6 6 12 15
Case #338: -1
Case #339: 7 2 3 5 6 7 8 10
Case #340: 41 1 1 1 1 1 1 1 1 1 1 1 1 1 1 1 1 1 1 1 1 1 1 1 1 1 1 1 1 1 1 1 1 1 1 1 1 1 1 1 1 1
Case #341: 7 1 1 1 5 9 9 15
Case #342: 8 2 3 3 3 3 5 9 13
Case #343: 6 2 6 8 8 8 9
Case #344: 5 1 2 5 13 20
Case #345: 18 1 1 1 1 1 1 1 1 1 1 1 1 1 1 1 1 2 23
Case #346: 4 6 7 12 16
Case #347: 3 2 7 32
Case #348: -1
Case #349: 7 2 4 6 6 6 8 9
Case #350: -1
Case #351: 3 3 14 24
Case #352: 3 1 17 23
Case #353: 8 2 5 5 5 5 5 5 9
Case #354: 5 3 6 9 11 12
Case #355: -1
Case #356: 7 3 4 4 4 5 8 13
Case #357: 8 1 2 5 5 5 7 7 9
Case #358: 9 2 3 3 4 5 6 6 6 6
Case #359: 7 3 3 5 6 6 9 9
Case #360: 29 1 1 1 1 1 1 1 1 1 1 1 1 1 1 1 1 1 1 1 1 1 1 1 1 1 1 1 7 7
Case #361: 7 2 4 5 5 8 8 9
Case #362: -1
Case #363: 8 2 3 5 5 5 6 7 8
Case #364: -1
Case #365: -1
Case #366: 9 2 3 4 4 4 4 5 7 8
Case #367: 4 3 8 11 19
Case #368: 7 2 3 5 5 7 9 10
Case #369: 5 6 6 8 9 12
Case #370: 4 4 6 11 20
Case #371: 4 4 9 14 14
Case #372: 5 5 8 8 8 12
Case #373: -1
Case #374: 8 1 1 1 1 1 1 3 32
Case #375: 35 1 1 1 1 1 1 1 1 1 1 1 1 1 1 1 1 1 1 1 1 1 1 1 1 1 1 1 1 1 1 1 1 1 1 7
Case #376: 5 1 5 5 10 20
Case #377: -1
Case #378: 5 1 1 1 3 35
Case #379: 9 2 3 4 4 5 5 6 6 6
Case #380: 3 4 5 32
Case #381: -1
Case #382: 3 2 3 36
Case #383: -1
Case #384: 21 1 1 1 1 1 1 1 1 1 1 1 1 1 1 1 1 1 1 1 1 21
Case #385: 8 1 1 1 1 1 1 2 33
Case #386: 7 4 5 6 6 6 6 8
Case #387: 5 3 7 8 10 13
Case #388: -1
Case #389: 10 1 1 1 1 1 1 1 1 1 32
Case #390: 5 5 7 8 9 12
Case #391: 4 5 7 11 18
Case #392: 7 5 5 5 5 6 6 9
Case #393: 7 3 4 6 6 6 7 9
Case #394: -1
Case #395: 7 4 4 5 6 6 8 8
Case #396: 6 3 5 6 8 8 11
Case #397: -1
Case #398: -1
Case #399: 7 2 3 5 6 7 9 9
Case #400: 9 1 1 1 1 1 1 1 4 30
Case #401: 7 3 4 6 6 6 8 8
Case #402: 6 2 6 6 8 8 11
Case #403: 6 3 6 6 8 9 9
Case #404: 5 6 7 7 9 12
Case #405: -1
Case #406: -1
Case #407: 5 2 5 9 10 15
Case #408: 38 1 1 1 1 1 1 1 1 1 1 1 1 1 1 1 1 1 1 1 1 1 1 1 1 1 1 1 1 1 1 1 1 1 1 1 1 1 4
Case #409: 4 4 10 11 16
Case #410: -1
Case #411: 4 2 10 11 18
Case #412: 4 1 4 11 25
Case #413: 7 2 5 6 6 6 7 9
Case #414: 4 8 9 12 12
Case #415: 7 4 5 5 5 5 8 9
Case #416: 7 2 3 6 7 7 8 8
Case #417: 6 1 8 8 8 8 8
Case #418: 7 5 5 6 6 6 6 7
Case #419: 4 6 11 12 12
Case #420: 7 2 3 5 6 6 8 11
Case #421: 5 1 2 5 16 17
Case #422: 7 1 1 1 1 2 9 26
Case #423: 5 4 7 10 10 10
Case #424: 9 2 3 3 3 3 5 6 7 9
Case #425: 5 3 7 7 12 12
Case #426: 6 2 4 7 9 9 10
Case #427: 4 7 10 10 14
Case #428: 8 1 1 1 2 9 9 9 9
Case #429: 4 3 9 11 18
Case #430: 3 9 14 18
Case #431: 7 3 5 5 5 5 8 10
Case #432: -1
Case #433: 4 3 3 16 19
Case #434: -1
Case #435: 4 4 5 16 16
Case #436: 16 1 1 1 1 1 1 1 1 1 1 1 1 1 1 5 22
Case #437: 5 3 7 9 10 12
Case #438: 4 3 6 14 18
Case #439: -1
Case #440: -1
Case #441: 8 3 3 5 5 6 6 6 7
Case #442: 3 10 13 18
Case #443: 7 3 4 4 7 7 8 8
Case #444: 5 1 1 11 14 14
Case #445: 3 2 14 25
Case #446: 19 1 1 1 1 1 1 1 1 1 1 1 1 1 1 1 1 1 1 23
Case #447: 26 1 1 1 1 1 1 1 1 1 1 1 1 1 1 1 1 1 1 1 1 1 1 1 1 1 16
Case #448: 8 2 3 5 5 6 6 6 8
Case #449: 6 1 1 1 3 16 19
Case #450: 5 1 1 1 1 37
Case #451: 3 9 16 16
Case #452: 6 4 5 5 8 9 10
Case #453: 5 1 7 10 10 13
Case #454: 7 2 3 5 5 7 8 11
Case #455: 7 1 1 1 1 3 7 27
Case #456: 5 2 6 10 11 12
Case #457: 4 4 7 15 15
Case #458: 4 3 3 3 32
Case #459: 19 1 1 1 1 1 1 1 1 1 1 1 1 1 1 1 1 1 3 21
Case #460: -1
Case #461: -1
Case #462: 6 5 5 6 8 8 9
Case #463: 7 4 5 6 6 6 7 7
Case #464: -1
Case #465: 8 2 4 5 5 6 6 6 7
Case #466: 6 2 4 7 8 10 10
Case #467: 5 2 7 7 12 13
Case #468: 4 1 1 1 38
Case #469: 5 1 10 10 10 10
Case #470: 8 2 3 3 6 6 6 6 9
Case #471: 6 5 5 6 7 9 9
Case #472: 7 2 6 6 6 6 6 9
Case #473: 4 5 6 15 15
Case #474: 21 1 1 1 1 1 1 1 1 1 1 1 1 1 1 1 1 1 1 1 3 19
Case #475: 4 4 9 10 18
Case #476: 6 4 4 4 5 8 16
Case #477: 7 2 6 6 6 6 7 8
Case #478: 9 3 3 3 4 5 5 6 6 6
Case #479: 6 2 3 4 8 11 13
Case #480: 4 1 1 5 34
Case #481: 4 1 1 2 37
Case #482: 6 3 6 6 7 8 11
Case #483: 8 3 5 5 5 5 6 6 6
Case #484: 5 4 4 8 10 15
Case #485: 5 2 8 9 10 12
Case #486: -1
Case #487: 4 8 8 9 16
Case #488: 11 1 1 1 1 1 1 1 1 1 5 27
Case #489: 8 2 4 5 5 5 6 6 8
Case #490: 7 3 6 6 6 6 6 8
Case #491: 6 3 5 6 8 9 10
Case #492: -1
Case #493: -1
Case #494: 5 2 5 8 10 16
Case #495: 6 2 5 6 6 9 13
Case #496: 13 1 1 1 1 1 1 1 1 1 1 1 2 28
Case #497: 6 3 6 6 7 7 12
Case #498: -1
Case #499: -1
Case #500: 6 6 6 6 6 8 9
Case #501: 6 2 5 6 8 10 10
Case #502: 21 1 1 1 1 1 1 1 1 1 1 1 1 1 1 1 1 1 1 1 9 13
Case #503: -1
Case #504: 5 1 6 9 12 13
Case #505: 11 1 1 1 1 1 1 1 1 1 3 29
Case #506: 12 1 1 1 1 1 1 1 1 1 1 3 28
Case #507: 6 3 3 5 9 9 12
Case #508: 7 5 5 5 6 6 6 8
Case #509: 10 2 3 3 3 3 3 3 6 6 9
Case #510: 6 1 4 4 4 14 14
Case #511: 5 5 8 8 9 11
Case #512: 4 2 7 8 24
Case #513: 8 2 4 4 4 5 6 8 8
Case #514: 5 2 4 9 9 17
Case #515: 9 2 3 3 3 3 6 6 6 9
Case #516: 4 2 9 14 16
Case #517: 4 4 7 10 20
Case #518: 11 1 1 1 1 1 1 1 1 1 4 28
Case #519: 6 5 6 6 8 8 8
Case #520: 7 4 4 5 5 7 8 8
Case #521: 9 1 1 1 1 1 1 1 7 27
Case #522: 8 3 4 4 4 5 5 8 8
Case #523: 5 1 1 9 15 15
Case #524: -1
Case #525: 4 4 10 12 15
Case #526: 3 7 12 22
Case #527: -1
Case #528: 3 10 11 20
Case #529: 8 3 4 5 5 6 6 6 6
Case #530: 28 1 1 1 1 1 1 1 1 1 1 1 1 1 1 1 1 1 1 1 1 1 1 1 1 1 1 1 14
Case #531: 5 1 1 6 16 17
Case #532: -1
Case #533: 4 6 6 14 15
Case #534: 6 6 6 6 7 8 8
Case #535: -1
Case #536: -1
Case #537: 5 3 5 8 12 13
Case #538: 7 2 3 6 6 8 8 8
Case #539: 5 3 8 9 10 11
Case #540: 4 3 7 15 16
Case #541: 5 3 4 7 8 19
Case #542: 7 1 2 6 8 8 8 8
Case #543: 5 3 6 8 12 12
Case #544: 37 1 1 1 1 1 1 1 1 1 1 1 1 1 1 1 1 1 1 1 1 1 1 1 1 1 1 1 1 1 1 1 1 1 1 1 1 5
Case #545: 5 5 5 7 12 12
Case #546: -1
Case #547: 25 1 1 1 1 1 1 1 1 1 1 1 1 1 1 1 1 1 1 1 1 1 1 1 1 17
Case #548: 6 5 5 6 6 6 13
Case #549: 6 2 4 5 8 9 13
Case #550: 6 2 3 5 6 8 17
Case #551: 10 2 3 3 3 3 3 3 5 7 9
Case #552: 8 2 3 3 5 5 7 7 9
Case #553: 7 2 5 5 6 6 6 11
Case #554: 7 4 6 6 6 6 6 7
Case #555: 6 6 6 6 7 7 9
Case #556: 8 3 4 4 5 5 6 6 8
Case #557: 13 1 1 1 1 1 1 1 1 1 1 1 4 26
Case #558: -1
Case #559: -1
Case #560: 5 4 4 7 12 14
Case #561: -1
Case #562: 5 5 9 9 9 9
Case #563: 25 1 1 1 1 1 1 1 1 1 1 1 1 1 1 1 1 1 1 1 1 1 1 1 5 13
Case #564: 5 5 8 8 10 10
Case #565: 5 5 6 8 9 13
Case #566: 5 3 3 3 5 27
Case #567: 8 2 4 4 5 5 5 8 8
Case #568: 22 1 1 1 1 1 1 1 1 1 1 1 1 1 1 1 1 1 1 1 1 7 14
Case #569: -1
Case #570: 8 1 2 5 5 5 5 9 9
Case #571: 7 2 3 5 5 8 9 9
Case #572: -1
Case #573: 7 1 1 1 1 1 17 19
Case #574: -1
Case #575: 6 1 2 5 5 9 19
Case #576: -1
Case #577: -1
Case #578: 4 6 10 11 14
Case #579: 5 2 7 8 10 14
Case #580: 6 3 3 5 5 12 13
Case #581: 36 1 1 1 1 1 1 1 1 1 1 1 1 1 1 1 1 1 1 1 1 1 1 1 1 1 1 1 1 1 1 1 1 1 1 1 6
Case #582: 4 2 10 13 16
Case #583: 6 2 5 7 8 9 10
Case #584: 7 4 4 6 6 6 7 8
Case #585: 3 7 10 24
Case #586: 6 1 3 5 7 10 15
Case #587: -1
Case #588: 7 5 6 6 6 6 6 6
Case #589: 24 1 1 1 1 1 1 1 1 1 1 1 1 1 1 1 1 1 1 1 1 1 1 1 18
Case #590: -1
Case #591: -1
Case #592: -1
Case #593: -1
Case #594: 2 9 32
Case #595: 8 4 4 4 4 4 5 8 8
Case #596: 4 10 10 10 11
Case #597: 5 3 5 8 8 17
Case #598: 6 2 5 5 5 9 15
Case #599: 3 6 10 25
Case #600: 4 7 7 11 16
Case #601: 9 2 3 3 3 5 5 5 6 9
Case #602: 6 4 5 5 9 9 9
Case #603: -1
Case #604: -1
Case #605: 4 2 9 10 20
Case #606: 3 1 3 37
Case #607: 4 3 7 8 23
Case #608: 3 12 14 15
Case #609: 5 1 9 10 10 11
Case #610: 6 2 4 6 9 9 11
Case #611: 8 3 5 5 5 5 5 5 8
Case #612: 7 2 4 5 5 6 9 10
Case #613: 8 3 3 3 5 6 6 6 9
Case #614: -1
Case #615: 4 7 8 12 14
Case #616: 4 1 12 14 14
Case #617: 6 3 4 6 8 9 11
Case #618: -1
Case #619: 5 2 7 9 10 13
Case #620: -1
Case #621: 4 2 11 14 14
Case #622: 5 2 7 10 10 12
Case #623: 13 1 1 1 1 1 1 1 1 1 1 3 7 21
Case #624: -1
Case #625: -1
Case #626: 4 1 10 15 15
Case #627: 5 1 4 7 13 16
Case #628: -1
Case #629: 6 4 5 8 8 8 8
Case #630: 5 6 7 8 8 12
Case #631: -1
Case #632: 6 2 6 6 9 9 9
Case #633: 8 3 4 4 4 4 6 8 8
Case #634: 34 1 1 1 1 1 1 1 1 1 1 1 1 1 1 1 1 1 1 1 1 1 1 1 1 1 1 1 1 1 1 1 1 1 8
Case #635: 8 1 1 1 1 1 3 16 17
Case #636: 4 2 6 15 18
Case #637: 6 1 1 8 8 10 13
Case #638: -1
Case #639: 5 2 5 9 11 14
Case #640: 6 3 6 7 7 8 10
Case #641: 5 4 7 7 9 14
Case #642: -1
Case #643: 5 8 8 8 8 9
Case #644: 6 5 5 5 7 9 10
Case #645: 5 2 8 9 11 11
Case #646: 3 1 18 22
Case #647: -1
Case #648: 4 5 5 15 16
Case #649: 5 5 6 9 10 11
Case #650: 6 1 2 5 7 9 17
Case #651: -1
Case #652: 5 1 2 6 16 16
Case #653: 7 3 4 5 6 6 6 11
Case #654: 7 2 3 5 5 6 9 11
Case #655: 7 2 5 6 6 7 7 8
Case #656: 6 1 1 3 8 11 17
Case #657: 16 1 1 1 1 1 1 1 1 1 1 1 1 1 1 6 21
Case #658: 3 5 6 30
Case #659: 4 2 10 14 15
Case #660: 5 4 7 7 7 16
Case #661: 5 3 8 8 11 11
Case #662: -1
Case #663: 4 4 8 14 15
Case #664: 4 1 3 7 30
Case #665: 4 2 12 12 15
Case #666: -1
Case #667: 4 7 8 10 16
Case #668: 6 4 6 7 8 8 8
Case #669: -1
Case #670: 8 3 4 4 5 5 5 7 8
Case #671: 9 3 3 3 3 5 6 6 6 6
Case #672: 4 7 10 12 12
Case #673: 5 6 7 9 9 10
Case #674: -1
Case #675: 7 4 4 4 6 7 8 8
Case #676: 5 5 7 7 10 12
Case #677: 9 2 3 4 4 4 4 4 8 8
Case #678: 6 6 6 6 6 6 11
Case #679: 4 5 10 10 16
Case #680: 6 1 1 4 5 14 16
Case #681: 6 3 6 7 8 8 9
Case #682: 13 1 1 1 1 1 1 1 1 1 1 1 3 27
Case #683: 18 1 1 1 1 1 1 1 1 1 1 1 1 1 1 1 1 1 24
Case #684: 3 8 9 24
Case #685: 5 2 6 9 12 12
Case #686: -1
Case #687: 6 5 5 6 6 8 11
Case #688: 5 4 4 7 10 16
Case #689: 6 2 7 7 7 8 10
Case #690: 19 1 1 1 1 1 1 1 1 1 1 1 1 1 1 1 1 1 7 17
Case #691: 6 5 6 7 7 8 8
Case #692: 5 3 3 6 13 16
Case #693: 6 1 1 2 5 16 16
Case #694: 8 3 4 4 4 6 6 6 8
Case #695: 4 1 7 16 17
Case #696: 6 2 5 5 9 9 11
Case #697: 5 3 4 9 10 15
Case #698: 6 3 4 8 8 9 9
Case #699: 5 3 3 7 14 14
Case #700: 40 1 1 1 1 1 1 1 1 1 1 1 1 1 1 1 1 1 1 1 1 1 1 1 1 1 1 1 1 1 1 1 1 1 1 1 1 1 1 1 2
Case #701: 7 1 1 1 3 5 15 15
Case #702: 5 4 8 9 10 10
Case #703: 7 3 5 5 6 6 7 9
Case #704: 4 3 4 16 18
Case #705: 4 1 10 10 20
Case #706: 5 1 1 2 15 22
Case #707: -1
Case #708: 6 3 4 6 8 10 10
Case #709: 5 2 4 7 12 16
Case #710: 6 4 5 5 8 8 11
Case #711: 5 3 7 10 10 11
Case #712: 7 3 4 5 6 6 8 9
Case #713: -1
Case #714: 8 3 4 4 4 5 6 7 8
Case #715: 8 2 3 5 5 5 6 6 9
Case #716: 5 1 3 7 15 15
Case #717: 9 3 3 3 3 3 5 6 6 9
Case #718: 7 2 4 5 7 7 7 9
Case #719: 5 1 1 1 2 36
Case #720: 3 3 16 22
Case #721: 6 3 5 7 7 9 10
Case #722: -1
Case #723: 6 2 3 6 9 10 11
Case #724: 9 2 3 3 5 5 5 6 6 6
Case #725: 7 2 3 3 5 6 9 13
Case #726: -1
Case #727: 7 2 5 5 5 8 8 8
Case #728: -1
Case #729: 7 3 4 5 7 7 7 8
Case #730: 6 2 5 8 8 9 9
Case #731: -1
Case #732: 6 4 6 6 8 8 9
Case #733: 5 3 6 6 9 17
Case #734: 5 2 5 9 12 13
Case #735: 6 2 3 8 8 9 11
Case #736: -1
Case #737: 6 1 5 5 9 10 11
Case #738: 6 3 4 7 8 9 10
Case #739: 6 4 6 6 7 9 9
Case #740: 10 2 3 4 4 4 4 4 4 4 8
Case #741: 5 3 5 8 11 14
Case #742: 21 1 1 1 1 1 1 1 1 1 1 1 1 1 1 1 1 1 1 1 11 11
Case #743: 5 6 7 8 10 10
Case #744: 4 3 9 13 16
Case #745: 6 1 2 5 9 9 15
Case #746: 6 4 6 6 6 8 11
Case #747: 8 2 3 4 4 4 8 8 8
Case #748: 3 1 2 38
Case #749: 6 1 1 1 2 17 19
Case #750: -1
Case #751: 6 1 3 7 8 11 11
Case #752: -1
Case #753: 7 2 3 5 7 8 8 8
Case #754: -1
Case #755: 5 2 5 8 9 17
Case #756: 11 1 1 1 1 1 1 1 1 1 1 31
Case #757: 7 2 4 5 5 7 8 10
Case #758: 5 2 3 8 9 19
Case #759: 5 3 7 8 11 12
Case #760: -1
Case #761: 17 1 1 1 1 1 1 1 1 1 1 1 1 1 1 1 4 22
Case #762: 6 2 3 7 9 10 10
Case #763: 7 3 4 6 6 7 7 8
Case #764: 7 3 5 6 6 6 7 8
Case #765: 7 3 5 6 6 6 6 9
Case #766: 15 1 1 1 1 1 1 1 1 1 1 1 1 1 5 23
Case #767: 4 5 5 10 21
Case #768: 5 5 5 5 10 16
Case #769: 6 3 5 5 7 9 12
Case #770: 7 3 4 5 5 6 8 10
Case #771: -1
Case #772: 6 1 2 4 8 10 16
Case #773: -1
Case #774: 4 5 10 11 15
Case #775: 9 2 3 3 3 5 6 6 6 7
Case #776: 29 1 1 1 1 1 1 1 1 1 1 1 1 1 1 1 1 1 1 1 1 1 1 1 1 1 1 1 1 13
Case #777: 5 1 1 1 19 19
Case #778: 6 5 5 5 5 5 16
Case #779: 7 3 4 4 5 6 8 11
Case #780: 6 2 6 7 7 9 10
Case #781: 4 3 11 12 15
Case #782: 20 1 1 1 1 1 1 1 1 1 1 1 1 1 1 1 1 1 1 2 21
Case #783: 7 2 3 6 6 7 8 9
Case #784: -1
Case #785: 3 5 12 24
Case #786: 6 3 5 5 5 11 12
Case #787: 5 3 6 10 10 12
Case #788: 6 1 1 5 5 13 16
Case #789: 3 6 11 24
Case #790: -1
Case #791: 3 6 15 20
Case #792: 4 2 6 12 21
Case #793: 5 2 6 9 10 14
Case #794: 7 2 3 4 5 6 8 13
Case #795: 7 4 4 4 5 8 8 8
Case #796: 6 3 3 7 7 9 12
Case #797: 5 7 7 8 9 10
Case #798: 7 3 4 5 6 7 8 8
Case #799: -1
Case #800: 8 3 4 4 6 6 6 6 6
Case #801: 4 1 3 10 27
Case #802: -1
Case #803: 3 11 12 18
Case #804: 3 5 18 18
Case #805: 25 1 1 1 1 1 1 1 1 1 1 1 1 1 1 1 1 1 1 1 1 1 1 1 7 11
Case #806: 32 1 1 1 1 1 1 1 1 1 1 1 1 1 1 1 1 1 1 1 1 1 1 1 1 1 1 1 1 1 1 1 10
Case #807: 5 5 5 5 12 14
Case #808: 9 2 4 4 4 4 5 6 6 6
Case #809: 6 3 4 6 9 9 10
Case #810: 3 10 15 16
Case #811: 5 2 3 8 11 17
Case #812: 7 2 3 6 6 6 9 9
Case #813: 8 2 4 4 5 5 6 7 8
Case #814: 5 2 4 11 12 12
Case #815: 9 2 3 4 4 4 4 6 6 8
Case #816: 4 2 7 12 20
Case #817: -1
Case #818: 3 7 16 18
Case #819: 3 5 9 27
Case #820: -1
Case #821: 10 2 3 3 3 3 4 5 6 6 6
Case #822: 39 1 1 1 1 1 1 1 1 1 1 1 1 1 1 1 1 1 1 1 1 1 1 1 1 1 1 1 1 1 1 1 1 1 1 1 1 1 1 3
Case #823: 4 1 8 12 20
Case #824: 10 1 1 1 1 1 1 1 1 2 31
Case #825: -1
Case #826: 4 3 5 13 20
Case #827: 8 1 1 3 7 7 7 7 8
Case #828: 3 6 14 21
Case #829: 5 3 9 9 10 10
Case #830: 6 4 5 6 8 9 9
Case #831: 5 1 1 9 9 21
Case #832: -1
Case #833: 6 1 1 3 9 9 18
Case #834: 5 4 9 9 9 10
Case #835: 7 3 4 4 6 8 8 8
Case #836: 6 2 6 7 7 7 12
Case #837: -1
Case #838: 6 1 3 6 8 11 12
Case #839: 6 2 5 7 9 9 9
Case #840: 4 1 11 14 15
Case #841: 25 1 1 1 1 1 1 1 1 1 1 1 1 1 1 1 1 1 1 1 1 1 1 1 3 15
Case #842: 13 1 1 1 1 1 1 1 1 1 1 1 1 29
Case #843: 4 1 1 7 32
Case #844: 9 3 4 4 4 4 4 5 5 8
Case #845: 8 1 1 1 1 1 2 13 21
Case #846: 6 2 5 7 8 8 11
Case #847: 8 2 3 4 6 6 6 6 8
Case #848: 6 2 3 4 7 8 17
Case #849: 4 1 3 8 29
Case #850: 8 2 3 3 5 5 5 9 9
Case #851: 5 2 6 8 8 17
Case #852: -1
Case #853: 4 5 9 11 16
Case #854: 4 3 8 10 20
Case #855: 16 1 1 1 1 1 1 1 1 1 1 1 1 1 1 4 23
Case #856: 6 1 1 1 3 11 24
Case #857: 5 1 3 8 10 19
Case #858: -1
Case #859: 7 2 4 5 6 8 8 8
Case #860: 6 2 3 8 9 9 10
Case #861: -1
Case #862: -1
Case #863: 5 3 8 8 10 12
Case #864: 4 3 8 12 18
Case #865: -1
Case #866: -1
Case #867: 6 3 4 8 8 8 10
Case #868: 8 1 1 1 1 1 1 1 34
Case #869: 5 1 5 5 15 15
Case #870: 16 1 1 1 1 1 1 1 1 1 1 1 1 1 1 1 26
Case #871: 4 3 7 11 20
Case #872: 6 5 6 6 7 8 9
Case #873: 4 6 8 11 16
Case #874: 7 3 4 4 4 7 8 11
Case #875: 3 8 15 18
Case #876: 5 2 9 9 10 11
Case #877: 9 1 1 1 1 1 1 1 3 31
Case #878: 6 4 4 6 7 8 12
Case #879: 19 1 1 1 1 1 1 1 1 1 1 1 1 1 1 1 1 1 5 19
Case #880: 4 3 8 13 17
Case #881: 4 6 8 8 19
Case #882: 5 7 7 7 10 10
Case #883: 17 1 1 1 1 1 1 1 1 1 1 1 1 1 1 1 1 25
Case #884: 7 2 4 5 5 6 8 11
Case #885: 10 1 1 1 1 1 1 1 1 3 30
Case #886: 4 2 7 16 16
Case #887: 6 2 3 6 8 11 11
Case #888: -1
Case #889: 6 3 5 6 9 9 9
Case #890: 4 2 9 15 15
Case #891: 20 1 1 1 1 1 1 1 1 1 1 1 1 1 1 1 1 1 1 1 22
Case #892: 7 2 5 5 6 6 8 9
Case #893: 3 6 16 19
Case #894: -1
Case #895: -1
Case #896: 8 2 3 3 3 5 5 9 11
Case #897: 6 4 5 6 7 9 10
Case #898: 7 2 4 4 7 8 8 8
Case #899: 5 2 5 5 14 15
Case #900: 6 4 5 6 6 9 11
Case #901: -1
Case #902: 7 1 1 1 1 1 2 34
Case #903: -1
Case #904: 8 2 3 4 4 6 6 8 8
Case #905: 5 1 5 10 10 15
Case #906: 2 5 36
Case #907: 13 1 1 1 1 1 1 1 1 1 1 5 7 19
Case #908: 6 3 5 5 8 9 11
Case #909: -1
Case #910: 8 3 3 4 5 5 6 6 9
Case #911: 5 2 6 8 9 16
Case #912: 7 3 3 6 6 7 7 9
Case #913: 5 6 8 8 9 10
Case #914: 5 3 5 6 8 19
Case #915: 7 3 4 5 5 5 8 11
Case #916: 5 2 3 5 8 23
Case #917: 8 3 3 3 4 6 6 7 9
Case #918: -1
Case #919: 5 2 7 8 12 12
Case #920: -1
Case #921: 6 2 4 6 9 10 10
Case #922: 5 3 8 8 8 14
Case #923: 8 4 4 5 5 5 6 6 6
Case #924: 8 2 3 6 6 6 6 6 6
Case #925: 3 11 13 17
Case #926: 8 2 3 5 5 5 5 8 8
Case #927: 5 1 3 7 14 16
Case #928: 7 3 4 5 5 8 8 8
Case #929: -1
Case #930: 5 2 5 10 12 12
Case #931: -1
Case #932: 8 1 1 1 1 1 1 4 31
Case #933: 6 3 4 5 8 8 13
Case #934: 6 3 5 7 7 8 11
Case #935: 7 2 3 4 6 7 8 11
Case #936: -1
Case #937: 7 1 1 1 5 5 11 17
Case #938: 5 3 6 7 12 13
Case #939: 6 2 4 6 8 9 12
Case #940: 4 5 9 9 18
Case #941: 7 2 5 6 6 6 8 8
Case #942: 4 1 2 14 24
Case #943: 7 1 1 1 1 1 1 35
Case #944: 7 3 4 5 5 5 9 10
Case #945: 2 1 40
Case #946: 6 2 5 5 8 8 13
Case #947: 7 2 3 5 5 8 8 10
Case #948: 4 3 5 12 21
Case #949: 6 2 5 5 7 9 13
Case #950: 6 3 4 5 9 10 10
Case #951: 6 2 4 7 7 9 12
Case #952: 4 3 7 10 21
Case #953: 5 4 6 9 10 12
Case #954: 6 2 6 6 6 8 13
Case #955: -1
Case #956: 5 5 7 9 10 10
Case #957: 11 1 4 4 4 4 4 4 4 4 4 4
Case #958: 4 3 5 6 27
Case #959: -1
Case #960: -1
